  0.500000000000E-02  0.504950000000E+00  0.715842527945E+00  0.500024134495E-01  0.196116970620E-01
  0.100000000000E-01  0.509950000000E+00  0.720863327853E+00  0.555776803015E-01  0.237561268684E-01
  0.150000000000E-01  0.514950000000E+00  0.725889238165E+00  0.595014824145E-01  0.267027163434E-01
  0.200000000000E-01  0.519950000000E+00  0.730919281287E+00  0.626198992038E-01  0.290089199109E-01
  0.250000000000E-01  0.524950000000E+00  0.735952893831E+00  0.652452474336E-01  0.308952618570E-01
  0.300000000000E-01  0.529950000000E+00  0.740989696148E+00  0.675321908405E-01  0.324774468598E-01
  0.350000000000E-01  0.534950000000E+00  0.746029409731E+00  0.695700235743E-01  0.338257872489E-01
  0.400000000000E-01  0.539950000000E+00  0.751071818903E+00  0.714155258477E-01  0.349871189341E-01
  0.450000000000E-01  0.544950000000E+00  0.756116750205E+00  0.731073028937E-01  0.359946707932E-01
  0.500000000000E-01  0.549950000000E+00  0.761164060180E+00  0.746729303876E-01  0.368731272567E-01
  0.550000000000E-01  0.554950000000E+00  0.766213627603E+00  0.761328677934E-01  0.376414775580E-01
  0.600000000000E-01  0.559950000000E+00  0.771265348266E+00  0.775027595048E-01  0.383147353033E-01
  0.650000000000E-01  0.564950000000E+00  0.776319131333E+00  0.787948654032E-01  0.389050345838E-01
  0.700000000000E-01  0.569950000000E+00  0.781374896703E+00  0.800189909801E-01  0.394223601444E-01
  0.750000000000E-01  0.574950000000E+00  0.786432573047E+00  0.811831148494E-01  0.398750517629E-01
  0.800000000000E-01  0.579950000000E+00  0.791492096315E+00  0.822938254340E-01  0.402701634302E-01
  0.850000000000E-01  0.584950000000E+00  0.796553408578E+00  0.833566329870E-01  0.406137258450E-01
  0.900000000000E-01  0.589950000000E+00  0.801616457108E+00  0.843761976740E-01  0.409109425774E-01
  0.950000000000E-01  0.594950000000E+00  0.806681193646E+00  0.853564996368E-01  0.411663395375E-01
  0.100000000000E+00  0.599950000000E+00  0.811747573802E+00  0.863009680322E-01  0.413838808222E-01
  0.105000000000E+00  0.604950000000E+00  0.816815556566E+00  0.872125804680E-01  0.415670598647E-01
  0.110000000000E+00  0.609950000000E+00  0.821885103900E+00  0.880939406940E-01  0.417189721231E-01
  0.115000000000E+00  0.614950000000E+00  0.826956180393E+00  0.889473400613E-01  0.418423737441E-01
  0.120000000000E+00  0.619950000000E+00  0.832028752975E+00  0.897748066897E-01  0.419397294244E-01
  0.125000000000E+00  0.624950000000E+00  0.837102790668E+00  0.905781452040E-01  0.420132518411E-01
  0.130000000000E+00  0.629950000000E+00  0.842178264374E+00  0.913589691479E-01  0.420649344249E-01
  0.135000000000E+00  0.634950000000E+00  0.847255146695E+00  0.921187276506E-01  0.420965788218E-01
  0.140000000000E+00  0.639950000000E+00  0.852333411771E+00  0.928587275379E-01  0.421098180737E-01
  0.145000000000E+00  0.644950000000E+00  0.857413035143E+00  0.935801517979E-01  0.421061363177E-01
  0.150000000000E+00  0.649950000000E+00  0.862493993628E+00  0.942840751066E-01  0.420868856326E-01
  0.155000000000E+00  0.654950000000E+00  0.867576265217E+00  0.949714769616E-01  0.420533005270E-01
  0.160000000000E+00  0.659950000000E+00  0.872659828974E+00  0.956432528576E-01  0.420065104661E-01
  0.165000000000E+00  0.664950000000E+00  0.877744664956E+00  0.963002238462E-01  0.419475507557E-01
  0.170000000000E+00  0.669950000000E+00  0.882830754132E+00  0.969431447560E-01  0.418773720418E-01
  0.175000000000E+00  0.674950000000E+00  0.887918078322E+00  0.975727112919E-01  0.417968486376E-01
  0.180000000000E+00  0.679950000000E+00  0.893006620127E+00  0.981895661968E-01  0.417067858499E-01
  0.185000000000E+00  0.684950000000E+00  0.898096362885E+00  0.987943046187E-01  0.416079264513E-01
  0.190000000000E+00  0.689950000000E+00  0.903187290610E+00  0.993874788067E-01  0.415009564153E-01
  0.195000000000E+00  0.694950000000E+00  0.908279387956E+00  0.999696022328E-01  0.413865100153E-01
  0.200000000000E+00  0.699950000000E+00  0.913372640170E+00  0.100541153225E+00  0.412651743726E-01
  0.205000000000E+00  0.704950000000E+00  0.918467033058E+00  0.101102578176E+00  0.411374935229E-01
  0.210000000000E+00  0.709950000000E+00  0.923562552947E+00  0.101654294395E+00  0.410039720636E-01
  0.215000000000E+00  0.714950000000E+00  0.928659186660E+00  0.102196692634E+00  0.408650784320E-01
  0.220000000000E+00  0.719950000000E+00  0.933756921478E+00  0.102730139352E+00  0.407212478596E-01
  0.225000000000E+00  0.724950000000E+00  0.938855745124E+00  0.103254978733E+00  0.405728850398E-01
  0.230000000000E+00  0.729950000000E+00  0.943955645730E+00  0.103771534500E+00  0.404203665427E-01
  0.235000000000E+00  0.734950000000E+00  0.949056611819E+00  0.104280111540E+00  0.402640430047E-01
  0.240000000000E+00  0.739950000000E+00  0.954158632282E+00  0.104780997377E+00  0.401042411177E-01
  0.245000000000E+00  0.744950000000E+00  0.959261696360E+00  0.105274463490E+00  0.399412654398E-01
  0.250000000000E+00  0.749950000000E+00  0.964365793627E+00  0.105760766522E+00  0.397754000465E-01
  0.255000000000E+00  0.754950000000E+00  0.969470913970E+00  0.106240149359E+00  0.396069100380E-01
  0.260000000000E+00  0.759950000000E+00  0.974577047577E+00  0.106712842126E+00  0.394360429184E-01
  0.265000000000E+00  0.764950000000E+00  0.979684184919E+00  0.107179063080E+00  0.392630298588E-01
  0.270000000000E+00  0.769950000000E+00  0.984792316741E+00  0.107639019439E+00  0.390880868556E-01
  0.275000000000E+00  0.774950000000E+00  0.989901434044E+00  0.108092908127E+00  0.389114157953E-01
  0.280000000000E+00  0.779950000000E+00  0.995011528079E+00  0.108540916460E+00  0.387332054326E-01
  0.285000000000E+00  0.784950000000E+00  0.100012259033E+01  0.108983222781E+00  0.385536322919E-01
  0.290000000000E+00  0.789950000000E+00  0.100523461251E+01  0.109419997032E+00  0.383728614982E-01
  0.295000000000E+00  0.794950000000E+00  0.101034758654E+01  0.109851401290E+00  0.381910475436E-01
  0.300000000000E+00  0.799950000000E+00  0.101546150456E+01  0.110277590256E+00  0.380083349957E-01
  0.305000000000E+00  0.804950000000E+00  0.102057635890E+01  0.110698711705E+00  0.378248591531E-01
  0.310000000000E+00  0.809950000000E+00  0.102569214208E+01  0.111114906902E+00  0.376407466515E-01
  0.315000000000E+00  0.814950000000E+00  0.103080884680E+01  0.111526310993E+00  0.374561160261E-01
  0.320000000000E+00  0.819950000000E+00  0.103592646594E+01  0.111933053358E+00  0.372710782323E-01
  0.325000000000E+00  0.824950000000E+00  0.104104499254E+01  0.112335257942E+00  0.370857371304E-01
  0.330000000000E+00  0.829950000000E+00  0.104616441982E+01  0.112733043564E+00  0.369001899343E-01
  0.335000000000E+00  0.834950000000E+00  0.105128474113E+01  0.113126524201E+00  0.367145276303E-01
  0.340000000000E+00  0.839950000000E+00  0.105640594999E+01  0.113515809258E+00  0.365288353654E-01
  0.345000000000E+00  0.844950000000E+00  0.106152804005E+01  0.113901003808E+00  0.363431928099E-01
  0.350000000000E+00  0.849950000000E+00  0.106665100511E+01  0.114282208831E+00  0.361576744948E-01
  0.355000000000E+00  0.854950000000E+00  0.107177483909E+01  0.114659521422E+00  0.359723501269E-01
  0.360000000000E+00  0.859950000000E+00  0.107689953606E+01  0.115033034998E+00  0.357872848819E-01
  0.365000000000E+00  0.864950000000E+00  0.108202509019E+01  0.115402839482E+00  0.356025396796E-01
  0.370000000000E+00  0.869950000000E+00  0.108715149579E+01  0.115769021482E+00  0.354181714393E-01
  0.375000000000E+00  0.874950000000E+00  0.109227874728E+01  0.116131664455E+00  0.352342333201E-01
  0.380000000000E+00  0.879950000000E+00  0.109740683918E+01  0.116490848861E+00  0.350507749447E-01
  0.385000000000E+00  0.884950000000E+00  0.110253576613E+01  0.116846652307E+00  0.348678426093E-01
  0.390000000000E+00  0.889950000000E+00  0.110766552289E+01  0.117199149688E+00  0.346854794803E-01
  0.395000000000E+00  0.894950000000E+00  0.111279610429E+01  0.117548413312E+00  0.345037257781E-01
  0.400000000000E+00  0.899950000000E+00  0.111792750528E+01  0.117894513018E+00  0.343226189497E-01
  0.405000000000E+00  0.904950000000E+00  0.112305972090E+01  0.118237516295E+00  0.341421938309E-01
  0.410000000000E+00  0.909950000000E+00  0.112819274627E+01  0.118577488386E+00  0.339624827981E-01
  0.415000000000E+00  0.914950000000E+00  0.113332657664E+01  0.118914492391E+00  0.337835159106E-01
  0.420000000000E+00  0.919950000000E+00  0.113846120729E+01  0.119248589356E+00  0.336053210450E-01
  0.425000000000E+00  0.924950000000E+00  0.114359663363E+01  0.119579838373E+00  0.334279240207E-01
  0.430000000000E+00  0.929950000000E+00  0.114873285112E+01  0.119908296657E+00  0.332513487185E-01
  0.435000000000E+00  0.934950000000E+00  0.115386985532E+01  0.120234019628E+00  0.330756171916E-01
  0.440000000000E+00  0.939950000000E+00  0.115900764187E+01  0.120557060990E+00  0.329007497705E-01
  0.445000000000E+00  0.944950000000E+00  0.116414620647E+01  0.120877472799E+00  0.327267651612E-01
  0.450000000000E+00  0.949950000000E+00  0.116928554489E+01  0.121195305535E+00  0.325536805383E-01
  0.455000000000E+00  0.954950000000E+00  0.117442565299E+01  0.121510608164E+00  0.323815116322E-01
  0.460000000000E+00  0.959950000000E+00  0.117956652668E+01  0.121823428200E+00  0.322102728110E-01
  0.465000000000E+00  0.964950000000E+00  0.118470816195E+01  0.122133811764E+00  0.320399771587E-01
  0.470000000000E+00  0.969950000000E+00  0.118985055485E+01  0.122441803637E+00  0.318706365478E-01
  0.475000000000E+00  0.974950000000E+00  0.119499370149E+01  0.122747447316E+00  0.317022617085E-01
  0.480000000000E+00  0.979950000000E+00  0.120013759805E+01  0.123050785062E+00  0.315348622933E-01
  0.485000000000E+00  0.984950000000E+00  0.120528224076E+01  0.123351857947E+00  0.313684469390E-01
  0.490000000000E+00  0.989950000000E+00  0.121042762591E+01  0.123650705899E+00  0.312030233240E-01
  0.495000000000E+00  0.994950000000E+00  0.121557374987E+01  0.123947367748E+00  0.310385982234E-01
  0.500000000000E+00  0.999950000000E+00  0.122072060902E+01  0.124241881263E+00  0.308751775601E-01
  0.505000000000E+00  0.100495000000E+01  0.122586819984E+01  0.124534283195E+00  0.307127664541E-01
  0.510000000000E+00  0.100995000000E+01  0.123101651884E+01  0.124824609310E+00  0.305513692683E-01
  0.515000000000E+00  0.101495000000E+01  0.123616556257E+01  0.125112894428E+00  0.303909896517E-01
  0.520000000000E+00  0.101995000000E+01  0.124131532767E+01  0.125399172457E+00  0.302316305812E-01
  0.525000000000E+00  0.102495000000E+01  0.124646581078E+01  0.125683476423E+00  0.300732944000E-01
  0.530000000000E+00  0.102995000000E+01  0.125161700863E+01  0.125965838501E+00  0.299159828543E-01
  0.535000000000E+00  0.103495000000E+01  0.125676891797E+01  0.126246290049E+00  0.297596971284E-01
  0.540000000000E+00  0.103995000000E+01  0.126192153561E+01  0.126524861630E+00  0.296044378776E-01
  0.545000000000E+00  0.104495000000E+01  0.126707485840E+01  0.126801583044E+00  0.294502052587E-01
  0.550000000000E+00  0.104995000000E+01  0.127222888322E+01  0.127076483352E+00  0.292969989602E-01
  0.555000000000E+00  0.105495000000E+01  0.127738360701E+01  0.127349590900E+00  0.291448182298E-01
  0.560000000000E+00  0.105995000000E+01  0.128253902676E+01  0.127620933345E+00  0.289936619005E-01
  0.565000000000E+00  0.106495000000E+01  0.128769513948E+01  0.127890537676E+00  0.288435284163E-01
  0.570000000000E+00  0.106995000000E+01  0.129285194222E+01  0.128158430237E+00  0.286944158548E-01
  0.575000000000E+00  0.107495000000E+01  0.129800943208E+01  0.128424636745E+00  0.285463219507E-01
  0.580000000000E+00  0.107995000000E+01  0.130316760620E+01  0.128689182314E+00  0.283992441159E-01
  0.585000000000E+00  0.108495000000E+01  0.130832646175E+01  0.128952091474E+00  0.282531794605E-01
  0.590000000000E+00  0.108995000000E+01  0.131348599594E+01  0.129213388185E+00  0.281081248111E-01
  0.595000000000E+00  0.109495000000E+01  0.131864620600E+01  0.129473095861E+00  0.279640767291E-01
  0.600000000000E+00  0.109995000000E+01  0.132380708923E+01  0.129731237381E+00  0.278210315278E-01
  0.605000000000E+00  0.110495000000E+01  0.132896864293E+01  0.129987835110E+00  0.276789852884E-01
  0.610000000000E+00  0.110995000000E+01  0.133413086444E+01  0.130242910913E+00  0.275379338753E-01
  0.615000000000E+00  0.111495000000E+01  0.133929375115E+01  0.130496486169E+00  0.273978729509E-01
  0.620000000000E+00  0.111995000000E+01  0.134445730047E+01  0.130748581789E+00  0.272587979887E-01
  0.625000000000E+00  0.112495000000E+01  0.134962150984E+01  0.130999218226E+00  0.271207042869E-01
  0.630000000000E+00  0.112995000000E+01  0.135478637674E+01  0.131248415491E+00  0.269835869806E-01
  0.635000000000E+00  0.113495000000E+01  0.135995189866E+01  0.131496193164E+00  0.268474410532E-01
  0.640000000000E+00  0.113995000000E+01  0.136511807315E+01  0.131742570410E+00  0.267122613479E-01
  0.645000000000E+00  0.114495000000E+01  0.137028489776E+01  0.131987565988E+00  0.265780425777E-01
  0.650000000000E+00  0.114995000000E+01  0.137545237008E+01  0.132231198263E+00  0.264447793357E-01
  0.655000000000E+00  0.115495000000E+01  0.138062048774E+01  0.132473485217E+00  0.263124661046E-01
  0.660000000000E+00  0.115995000000E+01  0.138578924837E+01  0.132714444462E+00  0.261810972649E-01
  0.665000000000E+00  0.116495000000E+01  0.139095864966E+01  0.132954093249E+00  0.260506671045E-01
  0.670000000000E+00  0.116995000000E+01  0.139612868930E+01  0.133192448476E+00  0.259211698256E-01
  0.675000000000E+00  0.117495000000E+01  0.140129936502E+01  0.133429526702E+00  0.257925995529E-01
  0.680000000000E+00  0.117995000000E+01  0.140647067457E+01  0.133665344151E+00  0.256649503406E-01
  0.685000000000E+00  0.118495000000E+01  0.141164261572E+01  0.133899916728E+00  0.255382161793E-01
  0.690000000000E+00  0.118995000000E+01  0.141681518627E+01  0.134133260020E+00  0.254123910022E-01
  0.695000000000E+00  0.119495000000E+01  0.142198838405E+01  0.134365389310E+00  0.252874686916E-01
  0.700000000000E+00  0.119995000000E+01  0.142716220690E+01  0.134596319584E+00  0.251634430842E-01
  0.705000000000E+00  0.120495000000E+01  0.143233665270E+01  0.134826065536E+00  0.250403079769E-01
  0.710000000000E+00  0.120995000000E+01  0.143751171934E+01  0.135054641578E+00  0.249180571316E-01
  0.715000000000E+00  0.121495000000E+01  0.144268740473E+01  0.135282061851E+00  0.247966842807E-01
  0.720000000000E+00  0.121995000000E+01  0.144786370681E+01  0.135508340222E+00  0.246761831311E-01
  0.725000000000E+00  0.122495000000E+01  0.145304062355E+01  0.135733490303E+00  0.245565473688E-01
  0.730000000000E+00  0.122995000000E+01  0.145821815292E+01  0.135957525448E+00  0.244377706634E-01
  0.735000000000E+00  0.123495000000E+01  0.146339629292E+01  0.136180458765E+00  0.243198466712E-01
  0.740000000000E+00  0.123995000000E+01  0.146857504158E+01  0.136402303119E+00  0.242027690395E-01
  0.745000000000E+00  0.124495000000E+01  0.147375439693E+01  0.136623071141E+00  0.240865314102E-01
  0.750000000000E+00  0.124995000000E+01  0.147893435705E+01  0.136842775233E+00  0.239711274226E-01
  0.755000000000E+00  0.125495000000E+01  0.148411492000E+01  0.137061427570E+00  0.238565507165E-01
  0.760000000000E+00  0.125995000000E+01  0.148929608389E+01  0.137279040111E+00  0.237427949358E-01
  0.765000000000E+00  0.126495000000E+01  0.149447784685E+01  0.137495624601E+00  0.236298537307E-01
  0.770000000000E+00  0.126995000000E+01  0.149966020700E+01  0.137711192578E+00  0.235177207601E-01
  0.775000000000E+00  0.127495000000E+01  0.150484316250E+01  0.137925755375E+00  0.234063896949E-01
  0.780000000000E+00  0.127995000000E+01  0.151002671153E+01  0.138139324129E+00  0.232958542193E-01
  0.785000000000E+00  0.128495000000E+01  0.151521085228E+01  0.138351909783E+00  0.231861080338E-01
  0.790000000000E+00  0.128995000000E+01  0.152039558295E+01  0.138563523090E+00  0.230771448568E-01
  0.795000000000E+00  0.129495000000E+01  0.152558090178E+01  0.138774174619E+00  0.229689584265E-01
  0.800000000000E+00  0.129995000000E+01  0.153076680699E+01  0.138983874760E+00  0.228615425030E-01
  0.805000000000E+00  0.130495000000E+01  0.153595329687E+01  0.139192633726E+00  0.227548908698E-01
  0.810000000000E+00  0.130995000000E+01  0.154114036967E+01  0.139400461558E+00  0.226489973353E-01
  0.815000000000E+00  0.131495000000E+01  0.154632802369E+01  0.139607368129E+00  0.225438557345E-01
  0.820000000000E+00  0.131995000000E+01  0.155151625724E+01  0.139813363149E+00  0.224394599302E-01
  0.825000000000E+00  0.132495000000E+01  0.155670506864E+01  0.140018456165E+00  0.223358038145E-01
  0.830000000000E+00  0.132995000000E+01  0.156189445623E+01  0.140222656570E+00  0.222328813097E-01
  0.835000000000E+00  0.133495000000E+01  0.156708441835E+01  0.140425973602E+00  0.221306863697E-01
  0.840000000000E+00  0.133995000000E+01  0.157227495339E+01  0.140628416349E+00  0.220292129812E-01
  0.845000000000E+00  0.134495000000E+01  0.157746605971E+01  0.140829993753E+00  0.219284551641E-01
  0.850000000000E+00  0.134995000000E+01  0.158265773573E+01  0.141030714612E+00  0.218284069730E-01
  0.855000000000E+00  0.135495000000E+01  0.158784997984E+01  0.141230587584E+00  0.217290624977E-01
  0.860000000000E+00  0.135995000000E+01  0.159304279047E+01  0.141429621190E+00  0.216304158642E-01
  0.865000000000E+00  0.136495000000E+01  0.159823616607E+01  0.141627823816E+00  0.215324612351E-01
  0.870000000000E+00  0.136995000000E+01  0.160343010508E+01  0.141825203717E+00  0.214351928107E-01
  0.875000000000E+00  0.137495000000E+01  0.160862460597E+01  0.142021769019E+00  0.213386048292E-01
  0.880000000000E+00  0.137995000000E+01  0.161381966721E+01  0.142217527722E+00  0.212426915674E-01
  0.885000000000E+00  0.138495000000E+01  0.161901528731E+01  0.142412487703E+00  0.211474473413E-01
  0.890000000000E+00  0.138995000000E+01  0.162421146476E+01  0.142606656720E+00  0.210528665065E-01
  0.895000000000E+00  0.139495000000E+01  0.162940819809E+01  0.142800042409E+00  0.209589434586E-01
  0.900000000000E+00  0.139995000000E+01  0.163460548581E+01  0.142992652293E+00  0.208656726334E-01
  0.905000000000E+00  0.140495000000E+01  0.163980332648E+01  0.143184493782E+00  0.207730485076E-01
  0.910000000000E+00  0.140995000000E+01  0.164500171865E+01  0.143375574172E+00  0.206810655988E-01
  0.915000000000E+00  0.141495000000E+01  0.165020066088E+01  0.143565900655E+00  0.205897184659E-01
  0.920000000000E+00  0.141995000000E+01  0.165540015175E+01  0.143755480312E+00  0.204990017091E-01
  0.925000000000E+00  0.142495000000E+01  0.166060018985E+01  0.143944320121E+00  0.204089099705E-01
  0.930000000000E+00  0.142995000000E+01  0.166580077378E+01  0.144132426959E+00  0.203194379339E-01
  0.935000000000E+00  0.143495000000E+01  0.167100190215E+01  0.144319807601E+00  0.202305803250E-01
  0.940000000000E+00  0.143995000000E+01  0.167620357359E+01  0.144506468725E+00  0.201423319117E-01
  0.945000000000E+00  0.144495000000E+01  0.168140578673E+01  0.144692416911E+00  0.200546875040E-01
  0.950000000000E+00  0.144995000000E+01  0.168660854021E+01  0.144877658647E+00  0.199676419540E-01
  0.955000000000E+00  0.145495000000E+01  0.169181183270E+01  0.145062200326E+00  0.198811901560E-01
  0.960000000000E+00  0.145995000000E+01  0.169701566285E+01  0.145246048251E+00  0.197953270468E-01
  0.965000000000E+00  0.146495000000E+01  0.170222002935E+01  0.145429208636E+00  0.197100476052E-01
  0.970000000000E+00  0.146995000000E+01  0.170742493087E+01  0.145611687608E+00  0.196253468521E-01
  0.975000000000E+00  0.147495000000E+01  0.171263036613E+01  0.145793491207E+00  0.195412198508E-01
  0.980000000000E+00  0.147995000000E+01  0.171783633382E+01  0.145974625392E+00  0.194576617065E-01
  0.985000000000E+00  0.148495000000E+01  0.172304283266E+01  0.146155096036E+00  0.193746675664E-01
  0.990000000000E+00  0.148995000000E+01  0.172824986138E+01  0.146334908932E+00  0.192922326196E-01
  0.995000000000E+00  0.149495000000E+01  0.173345741872E+01  0.146514069795E+00  0.192103520970E-01
  0.100000000000E+01  0.149995000000E+01  0.173866550341E+01  0.146692584262E+00  0.191290212711E-01
  0.100500000000E+01  0.150000000000E+01  0.173891483489E+01  0.142003915034E+00  0.179245438979E-01
  0.101000000000E+01  0.150000000000E+01  0.173910680385E+01  0.140102007359E+00  0.174476199697E-01
  0.101500000000E+01  0.150000000000E+01  0.173929418723E+01  0.138668668932E+00  0.170924442163E-01
  0.102000000000E+01  0.150000000000E+01  0.173947796141E+01  0.137477371885E+00  0.168000246938E-01
  0.102500000000E+01  0.150000000000E+01  0.173965868860E+01  0.136440719018E+00  0.165476176054E-01
  0.103000000000E+01  0.150000000000E+01  0.173983674726E+01  0.135513939955E+00  0.163235803751E-01
  0.103500000000E+01  0.150000000000E+01  0.174001241471E+01  0.134670449833E+00  0.161210044962E-01
  0.104000000000E+01  0.150000000000E+01  0.174018590548E+01  0.133892928113E+00  0.159353921767E-01
  0.104500000000E+01  0.150000000000E+01  0.174035739186E+01  0.133169342249E+00  0.157636210801E-01
  0.105000000000E+01  0.150000000000E+01  0.174052701616E+01  0.132490929159E+00  0.156034189417E-01
  0.105500000000E+01  0.150000000000E+01  0.174069489846E+01  0.131851071200E+00  0.154530710902E-01
  0.106000000000E+01  0.150000000000E+01  0.174086114185E+01  0.131244625114E+00  0.153112458856E-01
  0.106500000000E+01  0.150000000000E+01  0.174102583602E+01  0.130667498991E+00  0.151768847046E-01
  0.107000000000E+01  0.150000000000E+01  0.174118905998E+01  0.130116373619E+00  0.150491294966E-01
  0.107500000000E+01  0.150000000000E+01  0.174135088394E+01  0.129588512196E+00  0.149272733272E-01
  0.108000000000E+01  0.150000000000E+01  0.174151137084E+01  0.129081626394E+00  0.148107255756E-01
  0.108500000000E+01  0.150000000000E+01  0.174167057753E+01  0.128593779615E+00  0.146989868050E-01
  0.109000000000E+01  0.150000000000E+01  0.174182855564E+01  0.128123315548E+00  0.145916302107E-01
  0.109500000000E+01  0.150000000000E+01  0.174198535237E+01  0.127668804380E+00  0.144882876549E-01
  0.110000000000E+01  0.150000000000E+01  0.174214101102E+01  0.127229001599E+00  0.143886389758E-01
  0.110500000000E+01  0.150000000000E+01  0.174229557155E+01  0.126802815966E+00  0.142924036772E-01
  0.111000000000E+01  0.150000000000E+01  0.174244907093E+01  0.126389284279E+00  0.141993343827E-01
  0.111500000000E+01  0.150000000000E+01  0.174260154354E+01  0.125987551240E+00  0.141092116156E-01
  0.112000000000E+01  0.150000000000E+01  0.174275302139E+01  0.125596853227E+00  0.140218395916E-01
  0.112500000000E+01  0.150000000000E+01  0.174290353444E+01  0.125216505073E+00  0.139370427934E-01
  0.113000000000E+01  0.150000000000E+01  0.174305311074E+01  0.124845889205E+00  0.138546631569E-01
  0.113500000000E+01  0.150000000000E+01  0.174320177669E+01  0.124484446648E+00  0.137745577398E-01
  0.114000000000E+01  0.150000000000E+01  0.174334955712E+01  0.124131669505E+00  0.136965967770E-01
  0.114500000000E+01  0.150000000000E+01  0.174349647549E+01  0.123787094644E+00  0.136206620449E-01
  0.115000000000E+01  0.150000000000E+01  0.174364255397E+01  0.123450298353E+00  0.135466454786E-01
  0.115500000000E+01  0.150000000000E+01  0.174378781360E+01  0.123120891785E+00  0.134744479946E-01
  0.116000000000E+01  0.150000000000E+01  0.174393227430E+01  0.122798517065E+00  0.134039784830E-01
  0.116500000000E+01  0.150000000000E+01  0.174407595505E+01  0.122482843937E+00  0.133351529413E-01
  0.117000000000E+01  0.150000000000E+01  0.174421887390E+01  0.122173566864E+00  0.132678937246E-01
  0.117500000000E+01  0.150000000000E+01  0.174436104806E+01  0.121870402507E+00  0.132021288953E-01
  0.118000000000E+01  0.150000000000E+01  0.174450249396E+01  0.121573087531E+00  0.131377916550E-01
  0.118500000000E+01  0.150000000000E+01  0.174464322733E+01  0.121281376677E+00  0.130748198477E-01
  0.119000000000E+01  0.150000000000E+01  0.174478326318E+01  0.120995041069E+00  0.130131555229E-01
  0.119500000000E+01  0.150000000000E+01  0.174492261592E+01  0.120713866720E+00  0.129527445498E-01
  0.120000000000E+01  0.150000000000E+01  0.174506129937E+01  0.120437653211E+00  0.128935362765E-01
  0.120500000000E+01  0.150000000000E+01  0.174519932679E+01  0.120166212512E+00  0.128354832262E-01
  0.121000000000E+01  0.150000000000E+01  0.174533671092E+01  0.119899367937E+00  0.127785408281E-01
  0.121500000000E+01  0.150000000000E+01  0.174547346402E+01  0.119636953205E+00  0.127226671753E-01
  0.122000000000E+01  0.150000000000E+01  0.174560959790E+01  0.119378811606E+00  0.126678228093E-01
  0.122500000000E+01  0.150000000000E+01  0.174574512392E+01  0.119124795243E+00  0.126139705259E-01
  0.123000000000E+01  0.150000000000E+01  0.174588005304E+01  0.118874764353E+00  0.125610751999E-01
  0.123500000000E+01  0.150000000000E+01  0.174601439585E+01  0.118628586696E+00  0.125091036280E-01
  0.124000000000E+01  0.150000000000E+01  0.174614816256E+01  0.118386137001E+00  0.124580243857E-01
  0.124500000000E+01  0.150000000000E+01  0.174628136304E+01  0.118147296457E+00  0.124078076980E-01
  0.125000000000E+01  0.150000000000E+01  0.174641400683E+01  0.117911952265E+00  0.123584253217E-01
  0.125500000000E+01  0.150000000000E+01  0.174654610318E+01  0.117679997211E+00  0.123098504388E-01
  0.126000000000E+01  0.150000000000E+01  0.174667766101E+01  0.117451329294E+00  0.122620575582E-01
  0.126500000000E+01  0.150000000000E+01  0.174680868900E+01  0.117225851376E+00  0.122150224274E-01
  0.127000000000E+01  0.150000000000E+01  0.174693919554E+01  0.117003470862E+00  0.121687219499E-01
  0.127500000000E+01  0.150000000000E+01  0.174706918877E+01  0.116784099409E+00  0.121231341110E-01
  0.128000000000E+01  0.150000000000E+01  0.174719867659E+01  0.116567652663E+00  0.120782379087E-01
  0.128500000000E+01  0.150000000000E+01  0.174732766667E+01  0.116354050002E+00  0.120340132906E-01
  0.129000000000E+01  0.150000000000E+01  0.174745616645E+01  0.116143214319E+00  0.119904410955E-01
  0.129500000000E+01  0.150000000000E+01  0.174758418317E+01  0.115935071806E+00  0.119475029998E-01
  0.130000000000E+01  0.150000000000E+01  0.174771172387E+01  0.115729551762E+00  0.119051814675E-01
  0.130500000000E+01  0.150000000000E+01  0.174783879539E+01  0.115526586411E+00  0.118634597047E-01
  0.131000000000E+01  0.150000000000E+01  0.174796540438E+01  0.115326110740E+00  0.118223216164E-01
  0.131500000000E+01  0.150000000000E+01  0.174809155733E+01  0.115128062342E+00  0.117817517677E-01
  0.132000000000E+01  0.150000000000E+01  0.174821726055E+01  0.114932381271E+00  0.117417353464E-01
  0.132500000000E+01  0.150000000000E+01  0.174834252017E+01  0.114739009912E+00  0.117022581294E-01
  0.133000000000E+01  0.150000000000E+01  0.174846734220E+01  0.114547892853E+00  0.116633064507E-01
  0.133500000000E+01  0.150000000000E+01  0.174859173247E+01  0.114358976773E+00  0.116248671721E-01
  0.134000000000E+01  0.150000000000E+01  0.174871569667E+01  0.114172210331E+00  0.115869276549E-01
  0.134500000000E+01  0.150000000000E+01  0.174883924035E+01  0.113987544064E+00  0.115494757350E-01
  0.135000000000E+01  0.150000000000E+01  0.174896236894E+01  0.113804930298E+00  0.115124996980E-01
  0.135500000000E+01  0.150000000000E+01  0.174908508773E+01  0.113624323053E+00  0.114759882572E-01
  0.136000000000E+01  0.150000000000E+01  0.174920740188E+01  0.113445677964E+00  0.114399305321E-01
  0.136500000000E+01  0.150000000000E+01  0.174932931643E+01  0.113268952200E+00  0.114043160289E-01
  0.137000000000E+01  0.150000000000E+01  0.174945083632E+01  0.113094104396E+00  0.113691346215E-01
  0.137500000000E+01  0.150000000000E+01  0.174957196637E+01  0.112921094580E+00  0.113343765343E-01
  0.138000000000E+01  0.150000000000E+01  0.174969271127E+01  0.112749884109E+00  0.113000323259E-01
  0.138500000000E+01  0.150000000000E+01  0.174981307565E+01  0.112580435612E+00  0.112660928734E-01
  0.139000000000E+01  0.150000000000E+01  0.174993306399E+01  0.112412712926E+00  0.112325493577E-01
  0.139500000000E+01  0.150000000000E+01  0.175005268070E+01  0.112246681049E+00  0.111993932503E-01
  0.140000000000E+01  0.150000000000E+01  0.175017193011E+01  0.112082306086E+00  0.111666163000E-01
  0.140500000000E+01  0.150000000000E+01  0.175029081642E+01  0.111919555198E+00  0.111342105207E-01
  0.141000000000E+01  0.150000000000E+01  0.175040934377E+01  0.111758396564E+00  0.111021681801E-01
  0.141500000000E+01  0.150000000000E+01  0.175052751621E+01  0.111598799332E+00  0.110704817887E-01
  0.142000000000E+01  0.150000000000E+01  0.175064533769E+01  0.111440733577E+00  0.110391440891E-01
  0.142500000000E+01  0.150000000000E+01  0.175076281210E+01  0.111284170272E+00  0.110081480472E-01
  0.143000000000E+01  0.150000000000E+01  0.175087994325E+01  0.111129081239E+00  0.109774868418E-01
  0.143500000000E+01  0.150000000000E+01  0.175099673486E+01  0.110975439125E+00  0.109471538568E-01
  0.144000000000E+01  0.150000000000E+01  0.175111319060E+01  0.110823217362E+00  0.109171426724E-01
  0.144500000000E+01  0.150000000000E+01  0.175122931403E+01  0.110672390141E+00  0.108874470574E-01
  0.145000000000E+01  0.150000000000E+01  0.175134510869E+01  0.110522932380E+00  0.108580609616E-01
  0.145500000000E+01  0.150000000000E+01  0.175146057801E+01  0.110374819694E+00  0.108289785089E-01
  0.146000000000E+01  0.150000000000E+01  0.175157572539E+01  0.110228028373E+00  0.108001939902E-01
  0.146500000000E+01  0.150000000000E+01  0.175169055413E+01  0.110082535353E+00  0.107717018576E-01
  0.147000000000E+01  0.150000000000E+01  0.175180506750E+01  0.109938318193E+00  0.107434967175E-01
  0.147500000000E+01  0.150000000000E+01  0.175191926870E+01  0.109795355053E+00  0.107155733255E-01
  0.148000000000E+01  0.150000000000E+01  0.175203316086E+01  0.109653624667E+00  0.106879265802E-01
  0.148500000000E+01  0.150000000000E+01  0.175214674707E+01  0.109513106332E+00  0.106605515186E-01
  0.149000000000E+01  0.150000000000E+01  0.175226003035E+01  0.109373779876E+00  0.106334433106E-01
  0.149500000000E+01  0.150000000000E+01  0.175237301369E+01  0.109235625650E+00  0.106065972543E-01
  0.150000000000E+01  0.150000000000E+01  0.175248570000E+01  0.109098624500E+00  0.105800087714E-01
  0.150500000000E+01  0.150000000000E+01  0.175259809216E+01  0.108962757759E+00  0.105536734030E-01
  0.151000000000E+01  0.150000000000E+01  0.175271019298E+01  0.108828007222E+00  0.105275868053E-01
  0.151500000000E+01  0.150000000000E+01  0.175282200524E+01  0.108694355136E+00  0.105017447454E-01
  0.152000000000E+01  0.150000000000E+01  0.175293353166E+01  0.108561784183E+00  0.104761430977E-01
  0.152500000000E+01  0.150000000000E+01  0.175304477494E+01  0.108430277462E+00  0.104507778404E-01
  0.153000000000E+01  0.150000000000E+01  0.175315573769E+01  0.108299818482E+00  0.104256450517E-01
  0.153500000000E+01  0.150000000000E+01  0.175326642252E+01  0.108170391142E+00  0.104007409065E-01
  0.154000000000E+01  0.150000000000E+01  0.175337683197E+01  0.108041979723E+00  0.103760616733E-01
  0.154500000000E+01  0.150000000000E+01  0.175348696855E+01  0.107914568873E+00  0.103516037112E-01
  0.155000000000E+01  0.150000000000E+01  0.175359683473E+01  0.107788143596E+00  0.103273634665E-01
  0.155500000000E+01  0.150000000000E+01  0.175370643293E+01  0.107662689240E+00  0.103033374706E-01
  0.156000000000E+01  0.150000000000E+01  0.175381576555E+01  0.107538191489E+00  0.102795223366E-01
  0.156500000000E+01  0.150000000000E+01  0.175392483494E+01  0.107414636348E+00  0.102559147571E-01
  0.157000000000E+01  0.150000000000E+01  0.175403364341E+01  0.107292010138E+00  0.102325115017E-01
  0.157500000000E+01  0.150000000000E+01  0.175414219324E+01  0.107170299482E+00  0.102093094143E-01
  0.158000000000E+01  0.150000000000E+01  0.175425048668E+01  0.107049491299E+00  0.101863054110E-01
  0.158500000000E+01  0.150000000000E+01  0.175435852593E+01  0.106929572794E+00  0.101634964782E-01
  0.159000000000E+01  0.150000000000E+01  0.175446631317E+01  0.106810531449E+00  0.101408796697E-01
  0.159500000000E+01  0.150000000000E+01  0.175457385054E+01  0.106692355014E+00  0.101184521053E-01
  0.160000000000E+01  0.150000000000E+01  0.175468114016E+01  0.106575031503E+00  0.100962109688E-01
  0.160500000000E+01  0.150000000000E+01  0.175478818409E+01  0.106458549181E+00  0.100741535056E-01
  0.161000000000E+01  0.150000000000E+01  0.175489498440E+01  0.106342896561E+00  0.100522770214E-01
  0.161500000000E+01  0.150000000000E+01  0.175500154310E+01  0.106228062395E+00  0.100305788802E-01
  0.162000000000E+01  0.150000000000E+01  0.175510786218E+01  0.106114035668E+00  0.100090565028E-01
  0.162500000000E+01  0.150000000000E+01  0.175521394360E+01  0.106000805589E+00  0.998770736490E-02
  0.163000000000E+01  0.150000000000E+01  0.175531978929E+01  0.105888361589E+00  0.996652899560E-02
  0.163500000000E+01  0.150000000000E+01  0.175542540116E+01  0.105776693312E+00  0.994551897606E-02
  0.164000000000E+01  0.150000000000E+01  0.175553078108E+01  0.105665790609E+00  0.992467493787E-02
  0.164500000000E+01  0.150000000000E+01  0.175563593091E+01  0.105555643534E+00  0.990399456173E-02
  0.165000000000E+01  0.150000000000E+01  0.175574085248E+01  0.105446242337E+00  0.988347557603E-02
  0.165500000000E+01  0.150000000000E+01  0.175584554757E+01  0.105337577459E+00  0.986311575554E-02
  0.166000000000E+01  0.150000000000E+01  0.175595001797E+01  0.105229639528E+00  0.984291292022E-02
  0.166500000000E+01  0.150000000000E+01  0.175605426544E+01  0.105122419353E+00  0.982286493390E-02
  0.167000000000E+01  0.150000000000E+01  0.175615829169E+01  0.105015907919E+00  0.980296970315E-02
  0.167500000000E+01  0.150000000000E+01  0.175626209842E+01  0.104910096383E+00  0.978322517613E-02
  0.168000000000E+01  0.150000000000E+01  0.175636568733E+01  0.104804976071E+00  0.976362934148E-02
  0.168500000000E+01  0.150000000000E+01  0.175646906007E+01  0.104700538469E+00  0.974418022728E-02
  0.169000000000E+01  0.150000000000E+01  0.175657221828E+01  0.104596775225E+00  0.972487589998E-02
  0.169500000000E+01  0.150000000000E+01  0.175667516357E+01  0.104493678141E+00  0.970571446341E-02
  0.170000000000E+01  0.150000000000E+01  0.175677789753E+01  0.104391239168E+00  0.968669405785E-02
  0.170500000000E+01  0.150000000000E+01  0.175688042174E+01  0.104289450408E+00  0.966781285905E-02
  0.171000000000E+01  0.150000000000E+01  0.175698273776E+01  0.104188304104E+00  0.964906907736E-02
  0.171500000000E+01  0.150000000000E+01  0.175708484710E+01  0.104087792639E+00  0.963046095684E-02
  0.172000000000E+01  0.150000000000E+01  0.175718675129E+01  0.103987908534E+00  0.961198677443E-02
  0.172500000000E+01  0.150000000000E+01  0.175728845183E+01  0.103888644442E+00  0.959364483911E-02
  0.173000000000E+01  0.150000000000E+01  0.175738995017E+01  0.103789993147E+00  0.957543349109E-02
  0.173500000000E+01  0.150000000000E+01  0.175749124779E+01  0.103691947560E+00  0.955735110111E-02
  0.174000000000E+01  0.150000000000E+01  0.175759234612E+01  0.103594500715E+00  0.953939606960E-02
  0.174500000000E+01  0.150000000000E+01  0.175769324658E+01  0.103497645767E+00  0.952156682604E-02
  0.175000000000E+01  0.150000000000E+01  0.175779395057E+01  0.103401375991E+00  0.950386182821E-02
  0.175500000000E+01  0.150000000000E+01  0.175789445948E+01  0.103305684774E+00  0.948627956153E-02
  0.176000000000E+01  0.150000000000E+01  0.175799477468E+01  0.103210565620E+00  0.946881853838E-02
  0.176500000000E+01  0.150000000000E+01  0.175809489751E+01  0.103116012140E+00  0.945147729750E-02
  0.177000000000E+01  0.150000000000E+01  0.175819482932E+01  0.103022018053E+00  0.943425440333E-02
  0.177500000000E+01  0.150000000000E+01  0.175829457142E+01  0.102928577184E+00  0.941714844542E-02
  0.178000000000E+01  0.150000000000E+01  0.175839412512E+01  0.102835683460E+00  0.940015803787E-02
  0.178500000000E+01  0.150000000000E+01  0.175849349171E+01  0.102743330908E+00  0.938328181873E-02
  0.179000000000E+01  0.150000000000E+01  0.175859267245E+01  0.102651513655E+00  0.936651844946E-02
  0.179500000000E+01  0.150000000000E+01  0.175869166861E+01  0.102560225922E+00  0.934986661440E-02
  0.180000000000E+01  0.150000000000E+01  0.175879048144E+01  0.102469462025E+00  0.933332502024E-02
  0.180500000000E+01  0.150000000000E+01  0.175888911215E+01  0.102379216372E+00  0.931689239553E-02
  0.181000000000E+01  0.150000000000E+01  0.175898756196E+01  0.102289483460E+00  0.930056749018E-02
  0.181500000000E+01  0.150000000000E+01  0.175908583208E+01  0.102200257873E+00  0.928434907499E-02
  0.182000000000E+01  0.150000000000E+01  0.175918392369E+01  0.102111534284E+00  0.926823594118E-02
  0.182500000000E+01  0.150000000000E+01  0.175928183796E+01  0.102023307447E+00  0.925222689992E-02
  0.183000000000E+01  0.150000000000E+01  0.175937957606E+01  0.101935572200E+00  0.923632078196E-02
  0.183500000000E+01  0.150000000000E+01  0.175947713913E+01  0.101848323461E+00  0.922051643711E-02
  0.184000000000E+01  0.150000000000E+01  0.175957452831E+01  0.101761556226E+00  0.920481273389E-02
  0.184500000000E+01  0.150000000000E+01  0.175967174471E+01  0.101675265571E+00  0.918920855913E-02
  0.185000000000E+01  0.150000000000E+01  0.175976878945E+01  0.101589446645E+00  0.917370281752E-02
  0.185500000000E+01  0.150000000000E+01  0.175986566363E+01  0.101504094672E+00  0.915829443131E-02
  0.186000000000E+01  0.150000000000E+01  0.175996236832E+01  0.101419204948E+00  0.914298233985E-02
  0.186500000000E+01  0.150000000000E+01  0.176005890460E+01  0.101334772841E+00  0.912776549930E-02
  0.187000000000E+01  0.150000000000E+01  0.176015527353E+01  0.101250793787E+00  0.911264288225E-02
  0.187500000000E+01  0.150000000000E+01  0.176025147616E+01  0.101167263292E+00  0.909761347738E-02
  0.188000000000E+01  0.150000000000E+01  0.176034751353E+01  0.101084176928E+00  0.908267628911E-02
  0.188500000000E+01  0.150000000000E+01  0.176044338667E+01  0.101001530332E+00  0.906783033730E-02
  0.189000000000E+01  0.150000000000E+01  0.176053909659E+01  0.100919319206E+00  0.905307465691E-02
  0.189500000000E+01  0.150000000000E+01  0.176063464429E+01  0.100837539314E+00  0.903840829773E-02
  0.190000000000E+01  0.150000000000E+01  0.176073003078E+01  0.100756186483E+00  0.902383032404E-02
  0.190500000000E+01  0.150000000000E+01  0.176082525704E+01  0.100675256598E+00  0.900933981432E-02
  0.191000000000E+01  0.150000000000E+01  0.176092032403E+01  0.100594745606E+00  0.899493586097E-02
  0.191500000000E+01  0.150000000000E+01  0.176101523273E+01  0.100514649511E+00  0.898061757007E-02
  0.192000000000E+01  0.150000000000E+01  0.176110998409E+01  0.100434964373E+00  0.896638406105E-02
  0.192500000000E+01  0.150000000000E+01  0.176120457905E+01  0.100355686310E+00  0.895223446644E-02
  0.193000000000E+01  0.150000000000E+01  0.176129901854E+01  0.100276811492E+00  0.893816793164E-02
  0.193500000000E+01  0.150000000000E+01  0.176139330349E+01  0.100198336146E+00  0.892418361465E-02
  0.194000000000E+01  0.150000000000E+01  0.176148743482E+01  0.100120256550E+00  0.891028068582E-02
  0.194500000000E+01  0.150000000000E+01  0.176158141343E+01  0.100042569032E+00  0.889645832760E-02
  0.195000000000E+01  0.150000000000E+01  0.176167524021E+01  0.999652699748E-01  0.888271573434E-02
  0.195500000000E+01  0.150000000000E+01  0.176176891606E+01  0.998883558081E-01  0.886905211204E-02
  0.196000000000E+01  0.150000000000E+01  0.176186244186E+01  0.998118230115E-01  0.885546667812E-02
  0.196500000000E+01  0.150000000000E+01  0.176195581846E+01  0.997356681126E-01  0.884195866121E-02
  0.197000000000E+01  0.150000000000E+01  0.176204904674E+01  0.996598876859E-01  0.882852730096E-02
  0.197500000000E+01  0.150000000000E+01  0.176214212755E+01  0.995844783526E-01  0.881517184779E-02
  0.198000000000E+01  0.150000000000E+01  0.176223506172E+01  0.995094367789E-01  0.880189156272E-02
  0.198500000000E+01  0.150000000000E+01  0.176232785011E+01  0.994347596760E-01  0.878868571717E-02
  0.199000000000E+01  0.150000000000E+01  0.176242049353E+01  0.993604437985E-01  0.877555359274E-02
  0.199500000000E+01  0.150000000000E+01  0.176251299280E+01  0.992864859445E-01  0.876249448107E-02
  0.200000000000E+01  0.150000000000E+01  0.176260534874E+01  0.992128829540E-01  0.874950768360E-02
  0.200500000000E+01  0.150000000000E+01  0.176269756215E+01  0.991396317088E-01  0.873659251143E-02
  0.201000000000E+01  0.150000000000E+01  0.176278963382E+01  0.990667291312E-01  0.872374828512E-02
  0.201500000000E+01  0.150000000000E+01  0.176288156455E+01  0.989941721838E-01  0.871097433455E-02
  0.202000000000E+01  0.150000000000E+01  0.176297335512E+01  0.989219578685E-01  0.869826999871E-02
  0.202500000000E+01  0.150000000000E+01  0.176306500629E+01  0.988500832259E-01  0.868563462557E-02
  0.203000000000E+01  0.150000000000E+01  0.176315651885E+01  0.987785453345E-01  0.867306757191E-02
  0.203500000000E+01  0.150000000000E+01  0.176324789353E+01  0.987073413102E-01  0.866056820314E-02
  0.204000000000E+01  0.150000000000E+01  0.176333913111E+01  0.986364683058E-01  0.864813589320E-02
  0.204500000000E+01  0.150000000000E+01  0.176343023231E+01  0.985659235100E-01  0.863577002433E-02
  0.205000000000E+01  0.150000000000E+01  0.176352119789E+01  0.984957041469E-01  0.862346998702E-02
  0.205500000000E+01  0.150000000000E+01  0.176361202856E+01  0.984258074758E-01  0.861123517979E-02
  0.206000000000E+01  0.150000000000E+01  0.176370272506E+01  0.983562307899E-01  0.859906500907E-02
  0.206500000000E+01  0.150000000000E+01  0.176379328810E+01  0.982869714165E-01  0.858695888908E-02
  0.207000000000E+01  0.150000000000E+01  0.176388371840E+01  0.982180267156E-01  0.857491624169E-02
  0.207500000000E+01  0.150000000000E+01  0.176397401666E+01  0.981493940802E-01  0.856293649627E-02
  0.208000000000E+01  0.150000000000E+01  0.176406418357E+01  0.980810709351E-01  0.855101908958E-02
  0.208500000000E+01  0.150000000000E+01  0.176415421984E+01  0.980130547368E-01  0.853916346564E-02
  0.209000000000E+01  0.150000000000E+01  0.176424412613E+01  0.979453429728E-01  0.852736907561E-02
  0.209500000000E+01  0.150000000000E+01  0.176433390314E+01  0.978779331609E-01  0.851563537765E-02
  0.210000000000E+01  0.150000000000E+01  0.176442355154E+01  0.978108228492E-01  0.850396183683E-02
  0.210500000000E+01  0.150000000000E+01  0.176451307199E+01  0.977440096150E-01  0.849234792500E-02
  0.211000000000E+01  0.150000000000E+01  0.176460246516E+01  0.976774910650E-01  0.848079312067E-02
  0.211500000000E+01  0.150000000000E+01  0.176469173171E+01  0.976112648342E-01  0.846929690891E-02
  0.212000000000E+01  0.150000000000E+01  0.176478087227E+01  0.975453285858E-01  0.845785878125E-02
  0.212500000000E+01  0.150000000000E+01  0.176486988750E+01  0.974796800107E-01  0.844647823555E-02
  0.213000000000E+01  0.150000000000E+01  0.176495877803E+01  0.974143168272E-01  0.843515477591E-02
  0.213500000000E+01  0.150000000000E+01  0.176504754450E+01  0.973492367800E-01  0.842388791258E-02
  0.214000000000E+01  0.150000000000E+01  0.176513618754E+01  0.972844376406E-01  0.841267716183E-02
  0.214500000000E+01  0.150000000000E+01  0.176522470776E+01  0.972199172063E-01  0.840152204586E-02
  0.215000000000E+01  0.150000000000E+01  0.176531310578E+01  0.971556732998E-01  0.839042209275E-02
  0.215500000000E+01  0.150000000000E+01  0.176540138222E+01  0.970917037693E-01  0.837937683629E-02
  0.216000000000E+01  0.150000000000E+01  0.176548953768E+01  0.970280064875E-01  0.836838581595E-02
  0.216500000000E+01  0.150000000000E+01  0.176557757276E+01  0.969645793517E-01  0.835744857676E-02
  0.217000000000E+01  0.150000000000E+01  0.176566548805E+01  0.969014202831E-01  0.834656466923E-02
  0.217500000000E+01  0.150000000000E+01  0.176575328415E+01  0.968385272265E-01  0.833573364925E-02
  0.218000000000E+01  0.150000000000E+01  0.176584096165E+01  0.967758981503E-01  0.832495507804E-02
  0.218500000000E+01  0.150000000000E+01  0.176592852112E+01  0.967135310454E-01  0.831422852201E-02
  0.219000000000E+01  0.150000000000E+01  0.176601596314E+01  0.966514239256E-01  0.830355355276E-02
  0.219500000000E+01  0.150000000000E+01  0.176610328828E+01  0.965895748270E-01  0.829292974689E-02
  0.220000000000E+01  0.150000000000E+01  0.176619049711E+01  0.965279818073E-01  0.828235668604E-02
  0.220500000000E+01  0.150000000000E+01  0.176627759018E+01  0.964666429462E-01  0.827183395672E-02
  0.221000000000E+01  0.150000000000E+01  0.176636456806E+01  0.964055563444E-01  0.826136115029E-02
  0.221500000000E+01  0.150000000000E+01  0.176645143130E+01  0.963447201237E-01  0.825093786285E-02
  0.222000000000E+01  0.150000000000E+01  0.176653818044E+01  0.962841324263E-01  0.824056369519E-02
  0.222500000000E+01  0.150000000000E+01  0.176662481603E+01  0.962237914152E-01  0.823023825273E-02
  0.223000000000E+01  0.150000000000E+01  0.176671133861E+01  0.961636952730E-01  0.821996114539E-02
  0.223500000000E+01  0.150000000000E+01  0.176679774871E+01  0.961038422024E-01  0.820973198762E-02
  0.224000000000E+01  0.150000000000E+01  0.176688404687E+01  0.960442304254E-01  0.819955039822E-02
  0.224500000000E+01  0.150000000000E+01  0.176697023360E+01  0.959848581830E-01  0.818941600037E-02
  0.225000000000E+01  0.150000000000E+01  0.176705630943E+01  0.959257237356E-01  0.817932842151E-02
  0.225500000000E+01  0.150000000000E+01  0.176714227487E+01  0.958668253619E-01  0.816928729330E-02
  0.226000000000E+01  0.150000000000E+01  0.176722813045E+01  0.958081613589E-01  0.815929225154E-02
  0.226500000000E+01  0.150000000000E+01  0.176731387666E+01  0.957497300420E-01  0.814934293611E-02
  0.227000000000E+01  0.150000000000E+01  0.176739951402E+01  0.956915297443E-01  0.813943899095E-02
  0.227500000000E+01  0.150000000000E+01  0.176748504302E+01  0.956335588166E-01  0.812958006393E-02
  0.228000000000E+01  0.150000000000E+01  0.176757046417E+01  0.955758156267E-01  0.811976580686E-02
  0.228500000000E+01  0.150000000000E+01  0.176765577795E+01  0.955182985601E-01  0.810999587538E-02
  0.229000000000E+01  0.150000000000E+01  0.176774098485E+01  0.954610060186E-01  0.810026992896E-02
  0.229500000000E+01  0.150000000000E+01  0.176782608537E+01  0.954039364211E-01  0.809058763078E-02
  0.230000000000E+01  0.150000000000E+01  0.176791107998E+01  0.953470882025E-01  0.808094864773E-02
  0.230500000000E+01  0.150000000000E+01  0.176799596915E+01  0.952904598143E-01  0.807135265033E-02
  0.231000000000E+01  0.150000000000E+01  0.176808075337E+01  0.952340497236E-01  0.806179931267E-02
  0.231500000000E+01  0.150000000000E+01  0.176816543310E+01  0.951778564134E-01  0.805228831240E-02
  0.232000000000E+01  0.150000000000E+01  0.176825000882E+01  0.951218783823E-01  0.804281933064E-02
  0.232500000000E+01  0.150000000000E+01  0.176833448097E+01  0.950661141439E-01  0.803339205193E-02
  0.233000000000E+01  0.150000000000E+01  0.176841885004E+01  0.950105622273E-01  0.802400616422E-02
  0.233500000000E+01  0.150000000000E+01  0.176850311646E+01  0.949552211762E-01  0.801466135878E-02
  0.234000000000E+01  0.150000000000E+01  0.176858728069E+01  0.949000895492E-01  0.800535733017E-02
  0.234500000000E+01  0.150000000000E+01  0.176867134319E+01  0.948451659192E-01  0.799609377622E-02
  0.235000000000E+01  0.150000000000E+01  0.176875530440E+01  0.947904488736E-01  0.798687039792E-02
  0.235500000000E+01  0.150000000000E+01  0.176883916475E+01  0.947359370137E-01  0.797768689944E-02
  0.236000000000E+01  0.150000000000E+01  0.176892292470E+01  0.946816289550E-01  0.796854298806E-02
  0.236500000000E+01  0.150000000000E+01  0.176900658467E+01  0.946275233265E-01  0.795943837414E-02
  0.237000000000E+01  0.150000000000E+01  0.176909014510E+01  0.945736187708E-01  0.795037277103E-02
  0.237500000000E+01  0.150000000000E+01  0.176917360641E+01  0.945199139441E-01  0.794134589511E-02
  0.238000000000E+01  0.150000000000E+01  0.176925696904E+01  0.944664075155E-01  0.793235746567E-02
  0.238500000000E+01  0.150000000000E+01  0.176934023341E+01  0.944130981672E-01  0.792340720492E-02
  0.239000000000E+01  0.150000000000E+01  0.176942339993E+01  0.943599845945E-01  0.791449483793E-02
  0.239500000000E+01  0.150000000000E+01  0.176950646903E+01  0.943070655051E-01  0.790562009261E-02
  0.240000000000E+01  0.150000000000E+01  0.176958944112E+01  0.942543396195E-01  0.789678269965E-02
  0.240500000000E+01  0.150000000000E+01  0.176967231660E+01  0.942018056703E-01  0.788798239248E-02
  0.241000000000E+01  0.150000000000E+01  0.176975509588E+01  0.941494624024E-01  0.787921890725E-02
  0.241500000000E+01  0.150000000000E+01  0.176983777938E+01  0.940973085729E-01  0.787049198281E-02
  0.242000000000E+01  0.150000000000E+01  0.176992036749E+01  0.940453429506E-01  0.786180136062E-02
  0.242500000000E+01  0.150000000000E+01  0.177000286061E+01  0.939935643163E-01  0.785314678478E-02
  0.243000000000E+01  0.150000000000E+01  0.177008525914E+01  0.939419714620E-01  0.784452800193E-02
  0.243500000000E+01  0.150000000000E+01  0.177016756346E+01  0.938905631916E-01  0.783594476127E-02
  0.244000000000E+01  0.150000000000E+01  0.177024977398E+01  0.938393383199E-01  0.782739681451E-02
  0.244500000000E+01  0.150000000000E+01  0.177033189107E+01  0.937882956732E-01  0.781888391581E-02
  0.245000000000E+01  0.150000000000E+01  0.177041391513E+01  0.937374340887E-01  0.781040582181E-02
  0.245500000000E+01  0.150000000000E+01  0.177049584653E+01  0.936867524144E-01  0.780196229152E-02
  0.246000000000E+01  0.150000000000E+01  0.177057768565E+01  0.936362495092E-01  0.779355308635E-02
  0.246500000000E+01  0.150000000000E+01  0.177065943287E+01  0.935859242424E-01  0.778517797006E-02
  0.247000000000E+01  0.150000000000E+01  0.177074108857E+01  0.935357754942E-01  0.777683670871E-02
  0.247500000000E+01  0.150000000000E+01  0.177082265311E+01  0.934858021546E-01  0.776852907066E-02
  0.248000000000E+01  0.150000000000E+01  0.177090412687E+01  0.934360031243E-01  0.776025482653E-02
  0.248500000000E+01  0.150000000000E+01  0.177098551020E+01  0.933863773139E-01  0.775201374916E-02
  0.249000000000E+01  0.150000000000E+01  0.177106680348E+01  0.933369236440E-01  0.774380561362E-02
  0.249500000000E+01  0.150000000000E+01  0.177114800706E+01  0.932876410450E-01  0.773563019710E-02
  0.250000000000E+01  0.150000000000E+01  0.177122912130E+01  0.932385284573E-01  0.772748727900E-02
  0.250500000000E+01  0.150000000000E+01  0.177131014656E+01  0.931895848305E-01  0.771937664079E-02
  0.251000000000E+01  0.150000000000E+01  0.177139108319E+01  0.931408091241E-01  0.771129806605E-02
  0.251500000000E+01  0.150000000000E+01  0.177147193155E+01  0.930922003069E-01  0.770325134042E-02
  0.252000000000E+01  0.150000000000E+01  0.177155269197E+01  0.930437573567E-01  0.769523625161E-02
  0.252500000000E+01  0.150000000000E+01  0.177163336481E+01  0.929954792609E-01  0.768725258930E-02
  0.253000000000E+01  0.150000000000E+01  0.177171395042E+01  0.929473650156E-01  0.767930014519E-02
  0.253500000000E+01  0.150000000000E+01  0.177179444912E+01  0.928994136261E-01  0.767137871295E-02
  0.254000000000E+01  0.150000000000E+01  0.177187486127E+01  0.928516241063E-01  0.766348808816E-02
  0.254500000000E+01  0.150000000000E+01  0.177195518720E+01  0.928039954792E-01  0.765562806835E-02
  0.255000000000E+01  0.150000000000E+01  0.177203542724E+01  0.927565267760E-01  0.764779845293E-02
  0.255500000000E+01  0.150000000000E+01  0.177211558172E+01  0.927092170368E-01  0.763999904319E-02
  0.256000000000E+01  0.150000000000E+01  0.177219565098E+01  0.926620653100E-01  0.763222964224E-02
  0.256500000000E+01  0.150000000000E+01  0.177227563534E+01  0.926150706523E-01  0.762449005506E-02
  0.257000000000E+01  0.150000000000E+01  0.177235553513E+01  0.925682321287E-01  0.761678008839E-02
  0.257500000000E+01  0.150000000000E+01  0.177243535068E+01  0.925215488124E-01  0.760909955079E-02
  0.258000000000E+01  0.150000000000E+01  0.177251508229E+01  0.924750197844E-01  0.760144825256E-02
  0.258500000000E+01  0.150000000000E+01  0.177259473030E+01  0.924286441340E-01  0.759382600573E-02
  0.259000000000E+01  0.150000000000E+01  0.177267429502E+01  0.923824209582E-01  0.758623262408E-02
  0.259500000000E+01  0.150000000000E+01  0.177275377676E+01  0.923363493616E-01  0.757866792305E-02
  0.260000000000E+01  0.150000000000E+01  0.177283317583E+01  0.922904284570E-01  0.757113171980E-02
  0.260500000000E+01  0.150000000000E+01  0.177291249256E+01  0.922446573642E-01  0.756362383310E-02
  0.261000000000E+01  0.150000000000E+01  0.177299172724E+01  0.921990352109E-01  0.755614408340E-02
  0.261500000000E+01  0.150000000000E+01  0.177307088019E+01  0.921535611321E-01  0.754869229274E-02
  0.262000000000E+01  0.150000000000E+01  0.177314995170E+01  0.921082342703E-01  0.754126828479E-02
  0.262500000000E+01  0.150000000000E+01  0.177322894208E+01  0.920630537749E-01  0.753387188477E-02
  0.263000000000E+01  0.150000000000E+01  0.177330785163E+01  0.920180188029E-01  0.752650291948E-02
  0.263500000000E+01  0.150000000000E+01  0.177338668065E+01  0.919731285182E-01  0.751916121727E-02
  0.264000000000E+01  0.150000000000E+01  0.177346542944E+01  0.919283820917E-01  0.751184660799E-02
  0.264500000000E+01  0.150000000000E+01  0.177354409829E+01  0.918837787012E-01  0.750455892303E-02
  0.265000000000E+01  0.150000000000E+01  0.177362268749E+01  0.918393175316E-01  0.749729799526E-02
  0.265500000000E+01  0.150000000000E+01  0.177370119734E+01  0.917949977743E-01  0.749006365901E-02
  0.266000000000E+01  0.150000000000E+01  0.177377962812E+01  0.917508186277E-01  0.748285575009E-02
  0.266500000000E+01  0.150000000000E+01  0.177385798013E+01  0.917067792966E-01  0.747567410573E-02
  0.267000000000E+01  0.150000000000E+01  0.177393625364E+01  0.916628789925E-01  0.746851856461E-02
  0.267500000000E+01  0.150000000000E+01  0.177401444894E+01  0.916191169333E-01  0.746138896679E-02
  0.268000000000E+01  0.150000000000E+01  0.177409256631E+01  0.915754923435E-01  0.745428515374E-02
  0.268500000000E+01  0.150000000000E+01  0.177417060604E+01  0.915320044538E-01  0.744720696829E-02
  0.269000000000E+01  0.150000000000E+01  0.177424856839E+01  0.914886525012E-01  0.744015425466E-02
  0.269500000000E+01  0.150000000000E+01  0.177432645366E+01  0.914454357290E-01  0.743312685838E-02
  0.270000000000E+01  0.150000000000E+01  0.177440426210E+01  0.914023533867E-01  0.742612462633E-02
  0.270500000000E+01  0.150000000000E+01  0.177448199400E+01  0.913594047296E-01  0.741914740670E-02
  0.271000000000E+01  0.150000000000E+01  0.177455964963E+01  0.913165890193E-01  0.741219504899E-02
  0.271500000000E+01  0.150000000000E+01  0.177463722925E+01  0.912739055232E-01  0.740526740396E-02
  0.272000000000E+01  0.150000000000E+01  0.177471473314E+01  0.912313535148E-01  0.739836432368E-02
  0.272500000000E+01  0.150000000000E+01  0.177479216156E+01  0.911889322732E-01  0.739148566144E-02
  0.273000000000E+01  0.150000000000E+01  0.177486951477E+01  0.911466410833E-01  0.738463127180E-02
  0.273500000000E+01  0.150000000000E+01  0.177494679304E+01  0.911044792359E-01  0.737780101053E-02
  0.274000000000E+01  0.150000000000E+01  0.177502399663E+01  0.910624460273E-01  0.737099473464E-02
  0.274500000000E+01  0.150000000000E+01  0.177510112579E+01  0.910205407592E-01  0.736421230232E-02
  0.275000000000E+01  0.150000000000E+01  0.177517818080E+01  0.909787627393E-01  0.735745357295E-02
  0.275500000000E+01  0.150000000000E+01  0.177525516189E+01  0.909371112803E-01  0.735071840711E-02
  0.276000000000E+01  0.150000000000E+01  0.177533206934E+01  0.908955857005E-01  0.734400666653E-02
  0.276500000000E+01  0.150000000000E+01  0.177540890338E+01  0.908541853237E-01  0.733731821408E-02
  0.277000000000E+01  0.150000000000E+01  0.177548566428E+01  0.908129094788E-01  0.733065291379E-02
  0.277500000000E+01  0.150000000000E+01  0.177556235229E+01  0.907717575000E-01  0.732401063079E-02
  0.278000000000E+01  0.150000000000E+01  0.177563896764E+01  0.907307287267E-01  0.731739123136E-02
  0.278500000000E+01  0.150000000000E+01  0.177571551059E+01  0.906898225035E-01  0.731079458285E-02
  0.279000000000E+01  0.150000000000E+01  0.177579198139E+01  0.906490381799E-01  0.730422055372E-02
  0.279500000000E+01  0.150000000000E+01  0.177586838028E+01  0.906083751106E-01  0.729766901350E-02
  0.280000000000E+01  0.150000000000E+01  0.177594470750E+01  0.905678326553E-01  0.729113983279E-02
  0.280500000000E+01  0.150000000000E+01  0.177602096330E+01  0.905274101786E-01  0.728463288324E-02
  0.281000000000E+01  0.150000000000E+01  0.177609714791E+01  0.904871070498E-01  0.727814803755E-02
  0.281500000000E+01  0.150000000000E+01  0.177617326157E+01  0.904469226433E-01  0.727168516946E-02
  0.282000000000E+01  0.150000000000E+01  0.177624930452E+01  0.904068563381E-01  0.726524415373E-02
  0.282500000000E+01  0.150000000000E+01  0.177632527699E+01  0.903669075181E-01  0.725882486612E-02
  0.283000000000E+01  0.150000000000E+01  0.177640117922E+01  0.903270755717E-01  0.725242718340E-02
  0.283500000000E+01  0.150000000000E+01  0.177647701144E+01  0.902873598919E-01  0.724605098334E-02
  0.284000000000E+01  0.150000000000E+01  0.177655277389E+01  0.902477598766E-01  0.723969614467E-02
  0.284500000000E+01  0.150000000000E+01  0.177662846678E+01  0.902082749280E-01  0.723336254711E-02
  0.285000000000E+01  0.150000000000E+01  0.177670409036E+01  0.901689044529E-01  0.722705007132E-02
  0.285500000000E+01  0.150000000000E+01  0.177677964485E+01  0.901296478624E-01  0.722075859894E-02
  0.286000000000E+01  0.150000000000E+01  0.177685513047E+01  0.900905045722E-01  0.721448801252E-02
  0.286500000000E+01  0.150000000000E+01  0.177693054745E+01  0.900514740023E-01  0.720823819555E-02
  0.287000000000E+01  0.150000000000E+01  0.177700589602E+01  0.900125555770E-01  0.720200903245E-02
  0.287500000000E+01  0.150000000000E+01  0.177708117638E+01  0.899737487249E-01  0.719580040855E-02
  0.288000000000E+01  0.150000000000E+01  0.177715638878E+01  0.899350528789E-01  0.718961221007E-02
  0.288500000000E+01  0.150000000000E+01  0.177723153341E+01  0.898964674759E-01  0.718344432413E-02
  0.289000000000E+01  0.150000000000E+01  0.177730661051E+01  0.898579919572E-01  0.717729663874E-02
  0.289500000000E+01  0.150000000000E+01  0.177738162029E+01  0.898196257681E-01  0.717116904278E-02
  0.290000000000E+01  0.150000000000E+01  0.177745656296E+01  0.897813683580E-01  0.716506142599E-02
  0.290500000000E+01  0.150000000000E+01  0.177753143875E+01  0.897432191803E-01  0.715897367898E-02
  0.291000000000E+01  0.150000000000E+01  0.177760624785E+01  0.897051776925E-01  0.715290569319E-02
  0.291500000000E+01  0.150000000000E+01  0.177768099049E+01  0.896672433558E-01  0.714685736092E-02
  0.292000000000E+01  0.150000000000E+01  0.177775566688E+01  0.896294156357E-01  0.714082857529E-02
  0.292500000000E+01  0.150000000000E+01  0.177783027722E+01  0.895916940014E-01  0.713481923025E-02
  0.293000000000E+01  0.150000000000E+01  0.177790482172E+01  0.895540779257E-01  0.712882922056E-02
  0.293500000000E+01  0.150000000000E+01  0.177797930059E+01  0.895165668857E-01  0.712285844178E-02
  0.294000000000E+01  0.150000000000E+01  0.177805371404E+01  0.894791603619E-01  0.711690679028E-02
  0.294500000000E+01  0.150000000000E+01  0.177812806227E+01  0.894418578387E-01  0.711097416323E-02
  0.295000000000E+01  0.150000000000E+01  0.177820234548E+01  0.894046588041E-01  0.710506045855E-02
  0.295500000000E+01  0.150000000000E+01  0.177827656388E+01  0.893675627498E-01  0.709916557497E-02
  0.296000000000E+01  0.150000000000E+01  0.177835071766E+01  0.893305691713E-01  0.709328941197E-02
  0.296500000000E+01  0.150000000000E+01  0.177842480704E+01  0.892936775674E-01  0.708743186979E-02
  0.297000000000E+01  0.150000000000E+01  0.177849883220E+01  0.892568874407E-01  0.708159284943E-02
  0.297500000000E+01  0.150000000000E+01  0.177857279334E+01  0.892201982973E-01  0.707577225263E-02
  0.298000000000E+01  0.150000000000E+01  0.177864669067E+01  0.891836096466E-01  0.706996998186E-02
  0.298500000000E+01  0.150000000000E+01  0.177872052437E+01  0.891471210017E-01  0.706418594035E-02
  0.299000000000E+01  0.150000000000E+01  0.177879429464E+01  0.891107318790E-01  0.705842003201E-02
  0.299500000000E+01  0.150000000000E+01  0.177886800168E+01  0.890744417984E-01  0.705267216151E-02
  0.300000000000E+01  0.150000000000E+01  0.177894164568E+01  0.890382502831E-01  0.704694223420E-02
  0.300500000000E+01  0.150000000000E+01  0.177901522682E+01  0.890021568596E-01  0.704123015614E-02
  0.301000000000E+01  0.150000000000E+01  0.177908874531E+01  0.889661610577E-01  0.703553583409E-02
  0.301500000000E+01  0.150000000000E+01  0.177916220132E+01  0.889302624107E-01  0.702985917550E-02
  0.302000000000E+01  0.150000000000E+01  0.177923559504E+01  0.888944604549E-01  0.702420008850E-02
  0.302500000000E+01  0.150000000000E+01  0.177930892667E+01  0.888587547298E-01  0.701855848190E-02
  0.303000000000E+01  0.150000000000E+01  0.177938219639E+01  0.888231447783E-01  0.701293426516E-02
  0.303500000000E+01  0.150000000000E+01  0.177945540439E+01  0.887876301463E-01  0.700732734844E-02
  0.304000000000E+01  0.150000000000E+01  0.177952855084E+01  0.887522103828E-01  0.700173764252E-02
  0.304500000000E+01  0.150000000000E+01  0.177960163593E+01  0.887168850401E-01  0.699616505886E-02
  0.305000000000E+01  0.150000000000E+01  0.177967465985E+01  0.886816536733E-01  0.699060950954E-02
  0.305500000000E+01  0.150000000000E+01  0.177974762277E+01  0.886465158408E-01  0.698507090730E-02
  0.306000000000E+01  0.150000000000E+01  0.177982052487E+01  0.886114711038E-01  0.697954916550E-02
  0.306500000000E+01  0.150000000000E+01  0.177989336634E+01  0.885765190267E-01  0.697404419812E-02
  0.307000000000E+01  0.150000000000E+01  0.177996614735E+01  0.885416591766E-01  0.696855591978E-02
  0.307500000000E+01  0.150000000000E+01  0.178003886808E+01  0.885068911239E-01  0.696308424570E-02
  0.308000000000E+01  0.150000000000E+01  0.178011152870E+01  0.884722144415E-01  0.695762909172E-02
  0.308500000000E+01  0.150000000000E+01  0.178018412939E+01  0.884376287055E-01  0.695219037426E-02
  0.309000000000E+01  0.150000000000E+01  0.178025667033E+01  0.884031334946E-01  0.694676801038E-02
  0.309500000000E+01  0.150000000000E+01  0.178032915168E+01  0.883687283907E-01  0.694136191768E-02
  0.310000000000E+01  0.150000000000E+01  0.178040157362E+01  0.883344129782E-01  0.693597201440E-02
  0.310500000000E+01  0.150000000000E+01  0.178047393633E+01  0.883001868442E-01  0.693059821931E-02
  0.311000000000E+01  0.150000000000E+01  0.178054623996E+01  0.882660495789E-01  0.692524045180E-02
  0.311500000000E+01  0.150000000000E+01  0.178061848470E+01  0.882320007751E-01  0.691989863180E-02
  0.312000000000E+01  0.150000000000E+01  0.178069067071E+01  0.881980400281E-01  0.691457267982E-02
  0.312500000000E+01  0.150000000000E+01  0.178076279815E+01  0.881641669362E-01  0.690926251693E-02
  0.313000000000E+01  0.150000000000E+01  0.178083486720E+01  0.881303811001E-01  0.690396806475E-02
  0.313500000000E+01  0.150000000000E+01  0.178090687802E+01  0.880966821233E-01  0.689868924545E-02
  0.314000000000E+01  0.150000000000E+01  0.178097883078E+01  0.880630696119E-01  0.689342598175E-02
  0.314500000000E+01  0.150000000000E+01  0.178105072563E+01  0.880295431746E-01  0.688817819691E-02
  0.315000000000E+01  0.150000000000E+01  0.178112256275E+01  0.879961024225E-01  0.688294581472E-02
  0.315500000000E+01  0.150000000000E+01  0.178119434229E+01  0.879627469696E-01  0.687772875950E-02
  0.316000000000E+01  0.150000000000E+01  0.178126606443E+01  0.879294764321E-01  0.687252695610E-02
  0.316500000000E+01  0.150000000000E+01  0.178133772931E+01  0.878962904287E-01  0.686734032989E-02
  0.317000000000E+01  0.150000000000E+01  0.178140933710E+01  0.878631885809E-01  0.686216880676E-02
  0.317500000000E+01  0.150000000000E+01  0.178148088795E+01  0.878301705124E-01  0.685701231309E-02
  0.318000000000E+01  0.150000000000E+01  0.178155238204E+01  0.877972358493E-01  0.685187077581E-02
  0.318500000000E+01  0.150000000000E+01  0.178162381950E+01  0.877643842204E-01  0.684674412230E-02
  0.319000000000E+01  0.150000000000E+01  0.178169520051E+01  0.877316152567E-01  0.684163228049E-02
  0.319500000000E+01  0.150000000000E+01  0.178176652521E+01  0.876989285915E-01  0.683653517875E-02
  0.320000000000E+01  0.150000000000E+01  0.178183779376E+01  0.876663238606E-01  0.683145274598E-02
  0.320500000000E+01  0.150000000000E+01  0.178190900632E+01  0.876338007021E-01  0.682638491156E-02
  0.321000000000E+01  0.150000000000E+01  0.178198016304E+01  0.876013587565E-01  0.682133160532E-02
  0.321500000000E+01  0.150000000000E+01  0.178205126406E+01  0.875689976665E-01  0.681629275761E-02
  0.322000000000E+01  0.150000000000E+01  0.178212230955E+01  0.875367170770E-01  0.681126829922E-02
  0.322500000000E+01  0.150000000000E+01  0.178219329966E+01  0.875045166354E-01  0.680625816142E-02
  0.323000000000E+01  0.150000000000E+01  0.178226423453E+01  0.874723959911E-01  0.680126227594E-02
  0.323500000000E+01  0.150000000000E+01  0.178233511431E+01  0.874403547959E-01  0.679628057497E-02
  0.324000000000E+01  0.150000000000E+01  0.178240593915E+01  0.874083927037E-01  0.679131299116E-02
  0.324500000000E+01  0.150000000000E+01  0.178247670921E+01  0.873765093707E-01  0.678635945760E-02
  0.325000000000E+01  0.150000000000E+01  0.178254742462E+01  0.873447044550E-01  0.678141990786E-02
  0.325500000000E+01  0.150000000000E+01  0.178261808554E+01  0.873129776173E-01  0.677649427591E-02
  0.326000000000E+01  0.150000000000E+01  0.178268869211E+01  0.872813285199E-01  0.677158249618E-02
  0.326500000000E+01  0.150000000000E+01  0.178275924447E+01  0.872497568277E-01  0.676668450355E-02
  0.327000000000E+01  0.150000000000E+01  0.178282974277E+01  0.872182622074E-01  0.676180023331E-02
  0.327500000000E+01  0.150000000000E+01  0.178290018716E+01  0.871868443278E-01  0.675692962120E-02
  0.328000000000E+01  0.150000000000E+01  0.178297057777E+01  0.871555028600E-01  0.675207260335E-02
  0.328500000000E+01  0.150000000000E+01  0.178304091474E+01  0.871242374768E-01  0.674722911636E-02
  0.329000000000E+01  0.150000000000E+01  0.178311119823E+01  0.870930478532E-01  0.674239909722E-02
  0.329500000000E+01  0.150000000000E+01  0.178318142837E+01  0.870619336664E-01  0.673758248332E-02
  0.330000000000E+01  0.150000000000E+01  0.178325160529E+01  0.870308945952E-01  0.673277921249E-02
  0.330500000000E+01  0.150000000000E+01  0.178332172915E+01  0.869999303208E-01  0.672798922295E-02
  0.331000000000E+01  0.150000000000E+01  0.178339180007E+01  0.869690405259E-01  0.672321245334E-02
  0.331500000000E+01  0.150000000000E+01  0.178346181819E+01  0.869382248957E-01  0.671844884267E-02
  0.332000000000E+01  0.150000000000E+01  0.178353178366E+01  0.869074831167E-01  0.671369833039E-02
  0.332500000000E+01  0.150000000000E+01  0.178360169661E+01  0.868768148780E-01  0.670896085630E-02
  0.333000000000E+01  0.150000000000E+01  0.178367155717E+01  0.868462198699E-01  0.670423636062E-02
  0.333500000000E+01  0.150000000000E+01  0.178374136548E+01  0.868156977853E-01  0.669952478395E-02
  0.334000000000E+01  0.150000000000E+01  0.178381112168E+01  0.867852483183E-01  0.669482606726E-02
  0.334500000000E+01  0.150000000000E+01  0.178388082589E+01  0.867548711653E-01  0.669014015192E-02
  0.335000000000E+01  0.150000000000E+01  0.178395047825E+01  0.867245660245E-01  0.668546697967E-02
  0.335500000000E+01  0.150000000000E+01  0.178402007890E+01  0.866943325956E-01  0.668080649262E-02
  0.336000000000E+01  0.150000000000E+01  0.178408962796E+01  0.866641705806E-01  0.667615863326E-02
  0.336500000000E+01  0.150000000000E+01  0.178415912557E+01  0.866340796828E-01  0.667152334444E-02
  0.337000000000E+01  0.150000000000E+01  0.178422857185E+01  0.866040596077E-01  0.666690056937E-02
  0.337500000000E+01  0.150000000000E+01  0.178429796695E+01  0.865741100624E-01  0.666229025164E-02
  0.338000000000E+01  0.150000000000E+01  0.178436731097E+01  0.865442307556E-01  0.665769233518E-02
  0.338500000000E+01  0.150000000000E+01  0.178443660406E+01  0.865144213980E-01  0.665310676430E-02
  0.339000000000E+01  0.150000000000E+01  0.178450584635E+01  0.864846817019E-01  0.664853348363E-02
  0.339500000000E+01  0.150000000000E+01  0.178457503795E+01  0.864550113813E-01  0.664397243818E-02
  0.340000000000E+01  0.150000000000E+01  0.178464417900E+01  0.864254101520E-01  0.663942357329E-02
  0.340500000000E+01  0.150000000000E+01  0.178471326962E+01  0.863958777314E-01  0.663488683464E-02
  0.341000000000E+01  0.150000000000E+01  0.178478230994E+01  0.863664138385E-01  0.663036216829E-02
  0.341500000000E+01  0.150000000000E+01  0.178485130009E+01  0.863370181941E-01  0.662584952058E-02
  0.342000000000E+01  0.150000000000E+01  0.178492024018E+01  0.863076905207E-01  0.662134883824E-02
  0.342500000000E+01  0.150000000000E+01  0.178498913034E+01  0.862784305422E-01  0.661686006830E-02
  0.343000000000E+01  0.150000000000E+01  0.178505797069E+01  0.862492379844E-01  0.661238315813E-02
  0.343500000000E+01  0.150000000000E+01  0.178512676136E+01  0.862201125745E-01  0.660791805542E-02
  0.344000000000E+01  0.150000000000E+01  0.178519550247E+01  0.861910540413E-01  0.660346470822E-02
  0.344500000000E+01  0.150000000000E+01  0.178526419414E+01  0.861620621153E-01  0.659902306485E-02
  0.345000000000E+01  0.150000000000E+01  0.178533283649E+01  0.861331365285E-01  0.659459307400E-02
  0.345500000000E+01  0.150000000000E+01  0.178540142963E+01  0.861042770146E-01  0.659017468463E-02
  0.346000000000E+01  0.150000000000E+01  0.178546997370E+01  0.860754833087E-01  0.658576784606E-02
  0.346500000000E+01  0.150000000000E+01  0.178553846881E+01  0.860467551473E-01  0.658137250790E-02
  0.347000000000E+01  0.150000000000E+01  0.178560691507E+01  0.860180922688E-01  0.657698862006E-02
  0.347500000000E+01  0.150000000000E+01  0.178567531261E+01  0.859894944129E-01  0.657261613279E-02
  0.348000000000E+01  0.150000000000E+01  0.178574366154E+01  0.859609613207E-01  0.656825499661E-02
  0.348500000000E+01  0.150000000000E+01  0.178581196198E+01  0.859324927350E-01  0.656390516236E-02
  0.349000000000E+01  0.150000000000E+01  0.178588021405E+01  0.859040883999E-01  0.655956658118E-02
  0.349500000000E+01  0.150000000000E+01  0.178594841786E+01  0.858757480612E-01  0.655523920450E-02
  0.350000000000E+01  0.150000000000E+01  0.178601657352E+01  0.858474714658E-01  0.655092298407E-02
  0.350500000000E+01  0.150000000000E+01  0.178608468115E+01  0.858192583625E-01  0.654661787190E-02
  0.351000000000E+01  0.150000000000E+01  0.178615274087E+01  0.857911085011E-01  0.654232382030E-02
  0.351500000000E+01  0.150000000000E+01  0.178622075279E+01  0.857630216331E-01  0.653804078189E-02
  0.352000000000E+01  0.150000000000E+01  0.178628871701E+01  0.857349975113E-01  0.653376870956E-02
  0.352500000000E+01  0.150000000000E+01  0.178635663367E+01  0.857070358899E-01  0.652950755648E-02
  0.353000000000E+01  0.150000000000E+01  0.178642450285E+01  0.856791365247E-01  0.652525727610E-02
  0.353500000000E+01  0.150000000000E+01  0.178649232468E+01  0.856512991725E-01  0.652101782217E-02
  0.354000000000E+01  0.150000000000E+01  0.178656009927E+01  0.856235235918E-01  0.651678914870E-02
  0.354500000000E+01  0.150000000000E+01  0.178662782673E+01  0.855958095424E-01  0.651257120997E-02
  0.355000000000E+01  0.150000000000E+01  0.178669550716E+01  0.855681567853E-01  0.650836396056E-02
  0.355500000000E+01  0.150000000000E+01  0.178676314068E+01  0.855405650829E-01  0.650416735529E-02
  0.356000000000E+01  0.150000000000E+01  0.178683072740E+01  0.855130341991E-01  0.649998134927E-02
  0.356500000000E+01  0.150000000000E+01  0.178689826742E+01  0.854855638989E-01  0.649580589788E-02
  0.357000000000E+01  0.150000000000E+01  0.178696576085E+01  0.854581539487E-01  0.649164095674E-02
  0.357500000000E+01  0.150000000000E+01  0.178703320781E+01  0.854308041163E-01  0.648748648175E-02
  0.358000000000E+01  0.150000000000E+01  0.178710060838E+01  0.854035141707E-01  0.648334242907E-02
  0.358500000000E+01  0.150000000000E+01  0.178716796269E+01  0.853762838821E-01  0.647920875513E-02
  0.359000000000E+01  0.150000000000E+01  0.178723527084E+01  0.853491130221E-01  0.647508541659E-02
  0.359500000000E+01  0.150000000000E+01  0.178730253293E+01  0.853220013635E-01  0.647097237038E-02
  0.360000000000E+01  0.150000000000E+01  0.178736974906E+01  0.852949486805E-01  0.646686957370E-02
  0.360500000000E+01  0.150000000000E+01  0.178743691935E+01  0.852679547483E-01  0.646277698396E-02
  0.361000000000E+01  0.150000000000E+01  0.178750404390E+01  0.852410193435E-01  0.645869455887E-02
  0.361500000000E+01  0.150000000000E+01  0.178757112280E+01  0.852141422440E-01  0.645462225634E-02
  0.362000000000E+01  0.150000000000E+01  0.178763815617E+01  0.851873232287E-01  0.645056003454E-02
  0.362500000000E+01  0.150000000000E+01  0.178770514410E+01  0.851605620778E-01  0.644650785192E-02
  0.363000000000E+01  0.150000000000E+01  0.178777208670E+01  0.851338585728E-01  0.644246566711E-02
  0.363500000000E+01  0.150000000000E+01  0.178783898407E+01  0.851072124964E-01  0.643843343903E-02
  0.364000000000E+01  0.150000000000E+01  0.178790583631E+01  0.850806236323E-01  0.643441112681E-02
  0.364500000000E+01  0.150000000000E+01  0.178797264351E+01  0.850540917655E-01  0.643039868983E-02
  0.365000000000E+01  0.150000000000E+01  0.178803940579E+01  0.850276166822E-01  0.642639608769E-02
  0.365500000000E+01  0.150000000000E+01  0.178810612324E+01  0.850011981697E-01  0.642240328025E-02
  0.366000000000E+01  0.150000000000E+01  0.178817279595E+01  0.849748360164E-01  0.641842022758E-02
  0.366500000000E+01  0.150000000000E+01  0.178823942404E+01  0.849485300121E-01  0.641444688997E-02
  0.367000000000E+01  0.150000000000E+01  0.178830600759E+01  0.849222799474E-01  0.641048322796E-02
  0.367500000000E+01  0.150000000000E+01  0.178837254670E+01  0.848960856141E-01  0.640652920231E-02
  0.368000000000E+01  0.150000000000E+01  0.178843904148E+01  0.848699468054E-01  0.640258477400E-02
  0.368500000000E+01  0.150000000000E+01  0.178850549201E+01  0.848438633152E-01  0.639864990423E-02
  0.369000000000E+01  0.150000000000E+01  0.178857189840E+01  0.848178349389E-01  0.639472455442E-02
  0.369500000000E+01  0.150000000000E+01  0.178863826074E+01  0.847918614727E-01  0.639080868623E-02
  0.370000000000E+01  0.150000000000E+01  0.178870457913E+01  0.847659427140E-01  0.638690226151E-02
  0.370500000000E+01  0.150000000000E+01  0.178877085366E+01  0.847400784614E-01  0.638300524234E-02
  0.371000000000E+01  0.150000000000E+01  0.178883708443E+01  0.847142685142E-01  0.637911759102E-02
  0.371500000000E+01  0.150000000000E+01  0.178890327153E+01  0.846885126732E-01  0.637523927004E-02
  0.372000000000E+01  0.150000000000E+01  0.178896941505E+01  0.846628107400E-01  0.637137024214E-02
  0.372500000000E+01  0.150000000000E+01  0.178903551510E+01  0.846371625174E-01  0.636751047022E-02
  0.373000000000E+01  0.150000000000E+01  0.178910157176E+01  0.846115678091E-01  0.636365991744E-02
  0.373500000000E+01  0.150000000000E+01  0.178916758512E+01  0.845860264199E-01  0.635981854712E-02
  0.374000000000E+01  0.150000000000E+01  0.178923355528E+01  0.845605381557E-01  0.635598632283E-02
  0.374500000000E+01  0.150000000000E+01  0.178929948233E+01  0.845351028233E-01  0.635216320830E-02
  0.375000000000E+01  0.150000000000E+01  0.178936536636E+01  0.845097202305E-01  0.634834916751E-02
  0.375500000000E+01  0.150000000000E+01  0.178943120747E+01  0.844843901863E-01  0.634454416459E-02
  0.376000000000E+01  0.150000000000E+01  0.178949700574E+01  0.844591125006E-01  0.634074816390E-02
  0.376500000000E+01  0.150000000000E+01  0.178956276126E+01  0.844338869841E-01  0.633696113000E-02
  0.377000000000E+01  0.150000000000E+01  0.178962847413E+01  0.844087134488E-01  0.633318302763E-02
  0.377500000000E+01  0.150000000000E+01  0.178969414443E+01  0.843835917075E-01  0.632941382174E-02
  0.378000000000E+01  0.150000000000E+01  0.178975977225E+01  0.843585215740E-01  0.632565347747E-02
  0.378500000000E+01  0.150000000000E+01  0.178982535768E+01  0.843335028631E-01  0.632190196014E-02
  0.379000000000E+01  0.150000000000E+01  0.178989090081E+01  0.843085353906E-01  0.631815923529E-02
  0.379500000000E+01  0.150000000000E+01  0.178995640174E+01  0.842836189730E-01  0.631442526861E-02
  0.380000000000E+01  0.150000000000E+01  0.179002186053E+01  0.842587534282E-01  0.631070002601E-02
  0.380500000000E+01  0.150000000000E+01  0.179008727729E+01  0.842339385746E-01  0.630698347358E-02
  0.381000000000E+01  0.150000000000E+01  0.179015265210E+01  0.842091742317E-01  0.630327557759E-02
  0.381500000000E+01  0.150000000000E+01  0.179021798505E+01  0.841844602201E-01  0.629957630449E-02
  0.382000000000E+01  0.150000000000E+01  0.179028327622E+01  0.841597963611E-01  0.629588562092E-02
  0.382500000000E+01  0.150000000000E+01  0.179034852569E+01  0.841351824769E-01  0.629220349371E-02
  0.383000000000E+01  0.150000000000E+01  0.179041373356E+01  0.841106183909E-01  0.628852988986E-02
  0.383500000000E+01  0.150000000000E+01  0.179047889991E+01  0.840861039269E-01  0.628486477654E-02
  0.384000000000E+01  0.150000000000E+01  0.179054402483E+01  0.840616389102E-01  0.628120812113E-02
  0.384500000000E+01  0.150000000000E+01  0.179060910839E+01  0.840372231665E-01  0.627755989114E-02
  0.385000000000E+01  0.150000000000E+01  0.179067415068E+01  0.840128565226E-01  0.627392005430E-02
  0.385500000000E+01  0.150000000000E+01  0.179073915178E+01  0.839885388062E-01  0.627028857849E-02
  0.386000000000E+01  0.150000000000E+01  0.179080411179E+01  0.839642698458E-01  0.626666543177E-02
  0.386500000000E+01  0.150000000000E+01  0.179086903078E+01  0.839400494708E-01  0.626305058236E-02
  0.387000000000E+01  0.150000000000E+01  0.179093390883E+01  0.839158775114E-01  0.625944399868E-02
  0.387500000000E+01  0.150000000000E+01  0.179099874603E+01  0.838917537988E-01  0.625584564928E-02
  0.388000000000E+01  0.150000000000E+01  0.179106354245E+01  0.838676781650E-01  0.625225550292E-02
  0.388500000000E+01  0.150000000000E+01  0.179112829819E+01  0.838436504427E-01  0.624867352849E-02
  0.389000000000E+01  0.150000000000E+01  0.179119301331E+01  0.838196704655E-01  0.624509969507E-02
  0.389500000000E+01  0.150000000000E+01  0.179125768791E+01  0.837957380681E-01  0.624153397189E-02
  0.390000000000E+01  0.150000000000E+01  0.179132232206E+01  0.837718530856E-01  0.623797632835E-02
  0.390500000000E+01  0.150000000000E+01  0.179138691584E+01  0.837480153542E-01  0.623442673402E-02
  0.391000000000E+01  0.150000000000E+01  0.179145146933E+01  0.837242247109E-01  0.623088515862E-02
  0.391500000000E+01  0.150000000000E+01  0.179151598262E+01  0.837004809935E-01  0.622735157203E-02
  0.392000000000E+01  0.150000000000E+01  0.179158045577E+01  0.836767840404E-01  0.622382594431E-02
  0.392500000000E+01  0.150000000000E+01  0.179164488888E+01  0.836531336912E-01  0.622030824565E-02
  0.393000000000E+01  0.150000000000E+01  0.179170928201E+01  0.836295297859E-01  0.621679844640E-02
  0.393500000000E+01  0.150000000000E+01  0.179177363525E+01  0.836059721655E-01  0.621329651710E-02
  0.394000000000E+01  0.150000000000E+01  0.179183794867E+01  0.835824606717E-01  0.620980242839E-02
  0.394500000000E+01  0.150000000000E+01  0.179190222235E+01  0.835589951472E-01  0.620631615112E-02
  0.395000000000E+01  0.150000000000E+01  0.179196645637E+01  0.835355754352E-01  0.620283765626E-02
  0.395500000000E+01  0.150000000000E+01  0.179203065081E+01  0.835122013798E-01  0.619936691493E-02
  0.396000000000E+01  0.150000000000E+01  0.179209480574E+01  0.834888728257E-01  0.619590389841E-02
  0.396500000000E+01  0.150000000000E+01  0.179215892124E+01  0.834655896188E-01  0.619244857814E-02
  0.397000000000E+01  0.150000000000E+01  0.179222299738E+01  0.834423516052E-01  0.618900092569E-02
  0.397500000000E+01  0.150000000000E+01  0.179228703424E+01  0.834191586321E-01  0.618556091279E-02
  0.398000000000E+01  0.150000000000E+01  0.179235103189E+01  0.833960105474E-01  0.618212851130E-02
  0.398500000000E+01  0.150000000000E+01  0.179241499041E+01  0.833729071996E-01  0.617870369325E-02
  0.399000000000E+01  0.150000000000E+01  0.179247890988E+01  0.833498484381E-01  0.617528643081E-02
  0.399500000000E+01  0.150000000000E+01  0.179254279037E+01  0.833268341131E-01  0.617187669627E-02
  0.400000000000E+01  0.150000000000E+01  0.179260663195E+01  0.833038640752E-01  0.616847446209E-02
  0.400500000000E+01  0.150000000000E+01  0.179267043470E+01  0.832809381760E-01  0.616507970086E-02
  0.401000000000E+01  0.150000000000E+01  0.179273419868E+01  0.832580562677E-01  0.616169238531E-02
  0.401500000000E+01  0.150000000000E+01  0.179279792398E+01  0.832352182033E-01  0.615831248832E-02
  0.402000000000E+01  0.150000000000E+01  0.179286161067E+01  0.832124238365E-01  0.615493998289E-02
  0.402500000000E+01  0.150000000000E+01  0.179292525881E+01  0.831896730216E-01  0.615157484218E-02
  0.403000000000E+01  0.150000000000E+01  0.179298886849E+01  0.831669656138E-01  0.614821703947E-02
  0.403500000000E+01  0.150000000000E+01  0.179305243976E+01  0.831443014686E-01  0.614486654818E-02
  0.404000000000E+01  0.150000000000E+01  0.179311597272E+01  0.831216804427E-01  0.614152334189E-02
  0.404500000000E+01  0.150000000000E+01  0.179317946741E+01  0.830991023932E-01  0.613818739427E-02
  0.405000000000E+01  0.150000000000E+01  0.179324292393E+01  0.830765671779E-01  0.613485867917E-02
  0.405500000000E+01  0.150000000000E+01  0.179330634233E+01  0.830540746552E-01  0.613153717052E-02
  0.406000000000E+01  0.150000000000E+01  0.179336972269E+01  0.830316246845E-01  0.612822284244E-02
  0.406500000000E+01  0.150000000000E+01  0.179343306508E+01  0.830092171255E-01  0.612491566914E-02
  0.407000000000E+01  0.150000000000E+01  0.179349636956E+01  0.829868518387E-01  0.612161562498E-02
  0.407500000000E+01  0.150000000000E+01  0.179355963622E+01  0.829645286854E-01  0.611832268444E-02
  0.408000000000E+01  0.150000000000E+01  0.179362286511E+01  0.829422475273E-01  0.611503682212E-02
  0.408500000000E+01  0.150000000000E+01  0.179368605631E+01  0.829200082271E-01  0.611175801278E-02
  0.409000000000E+01  0.150000000000E+01  0.179374920988E+01  0.828978106477E-01  0.610848623127E-02
  0.409500000000E+01  0.150000000000E+01  0.179381232590E+01  0.828756546530E-01  0.610522145259E-02
  0.410000000000E+01  0.150000000000E+01  0.179387540443E+01  0.828535401075E-01  0.610196365186E-02
  0.410500000000E+01  0.150000000000E+01  0.179393844554E+01  0.828314668761E-01  0.609871280431E-02
  0.411000000000E+01  0.150000000000E+01  0.179400144930E+01  0.828094348246E-01  0.609546888531E-02
  0.411500000000E+01  0.150000000000E+01  0.179406441577E+01  0.827874438194E-01  0.609223187035E-02
  0.412000000000E+01  0.150000000000E+01  0.179412734503E+01  0.827654937273E-01  0.608900173504E-02
  0.412500000000E+01  0.150000000000E+01  0.179419023713E+01  0.827435844160E-01  0.608577845512E-02
  0.413000000000E+01  0.150000000000E+01  0.179425309215E+01  0.827217157536E-01  0.608256200642E-02
  0.413500000000E+01  0.150000000000E+01  0.179431591016E+01  0.826998876091E-01  0.607935236493E-02
  0.414000000000E+01  0.150000000000E+01  0.179437869121E+01  0.826780998517E-01  0.607614950674E-02
  0.414500000000E+01  0.150000000000E+01  0.179444143538E+01  0.826563523515E-01  0.607295340805E-02
  0.415000000000E+01  0.150000000000E+01  0.179450414273E+01  0.826346449792E-01  0.606976404519E-02
  0.415500000000E+01  0.150000000000E+01  0.179456681332E+01  0.826129776060E-01  0.606658139460E-02
  0.416000000000E+01  0.150000000000E+01  0.179462944723E+01  0.825913501037E-01  0.606340543284E-02
  0.416500000000E+01  0.150000000000E+01  0.179469204451E+01  0.825697623447E-01  0.606023613659E-02
  0.417000000000E+01  0.150000000000E+01  0.179475460523E+01  0.825482142021E-01  0.605707348263E-02
  0.417500000000E+01  0.150000000000E+01  0.179481712945E+01  0.825267055495E-01  0.605391744787E-02
  0.418000000000E+01  0.150000000000E+01  0.179487961725E+01  0.825052362610E-01  0.605076800931E-02
  0.418500000000E+01  0.150000000000E+01  0.179494206867E+01  0.824838062113E-01  0.604762514410E-02
  0.419000000000E+01  0.150000000000E+01  0.179500448380E+01  0.824624152759E-01  0.604448882946E-02
  0.419500000000E+01  0.150000000000E+01  0.179506686268E+01  0.824410633306E-01  0.604135904274E-02
  0.420000000000E+01  0.150000000000E+01  0.179512920539E+01  0.824197502519E-01  0.603823576141E-02
  0.420500000000E+01  0.150000000000E+01  0.179519151198E+01  0.823984759168E-01  0.603511896304E-02
  0.421000000000E+01  0.150000000000E+01  0.179525378252E+01  0.823772402030E-01  0.603200862530E-02
  0.421500000000E+01  0.150000000000E+01  0.179531601707E+01  0.823560429886E-01  0.602890472598E-02
  0.422000000000E+01  0.150000000000E+01  0.179537821569E+01  0.823348841522E-01  0.602580724298E-02
  0.422500000000E+01  0.150000000000E+01  0.179544037845E+01  0.823137635731E-01  0.602271615429E-02
  0.423000000000E+01  0.150000000000E+01  0.179550250541E+01  0.822926811313E-01  0.601963143802E-02
  0.423500000000E+01  0.150000000000E+01  0.179556459662E+01  0.822716367069E-01  0.601655307239E-02
  0.424000000000E+01  0.150000000000E+01  0.179562665215E+01  0.822506301810E-01  0.601348103571E-02
  0.424500000000E+01  0.150000000000E+01  0.179568867206E+01  0.822296614349E-01  0.601041530640E-02
  0.425000000000E+01  0.150000000000E+01  0.179575065642E+01  0.822087303506E-01  0.600735586298E-02
  0.425500000000E+01  0.150000000000E+01  0.179581260527E+01  0.821878368106E-01  0.600430268409E-02
  0.426000000000E+01  0.150000000000E+01  0.179587451868E+01  0.821669806979E-01  0.600125574846E-02
  0.426500000000E+01  0.150000000000E+01  0.179593639672E+01  0.821461618962E-01  0.599821503491E-02
  0.427000000000E+01  0.150000000000E+01  0.179599823944E+01  0.821253802894E-01  0.599518052238E-02
  0.427500000000E+01  0.150000000000E+01  0.179606004690E+01  0.821046357621E-01  0.599215218990E-02
  0.428000000000E+01  0.150000000000E+01  0.179612181916E+01  0.820839281996E-01  0.598913001660E-02
  0.428500000000E+01  0.150000000000E+01  0.179618355628E+01  0.820632574873E-01  0.598611398172E-02
  0.429000000000E+01  0.150000000000E+01  0.179624525832E+01  0.820426235115E-01  0.598310406458E-02
  0.429500000000E+01  0.150000000000E+01  0.179630692533E+01  0.820220261588E-01  0.598010024461E-02
  0.430000000000E+01  0.150000000000E+01  0.179636855738E+01  0.820014653163E-01  0.597710250135E-02
  0.430500000000E+01  0.150000000000E+01  0.179643015453E+01  0.819809408716E-01  0.597411081440E-02
  0.431000000000E+01  0.150000000000E+01  0.179649171682E+01  0.819604527130E-01  0.597112516349E-02
  0.431500000000E+01  0.150000000000E+01  0.179655324433E+01  0.819400007291E-01  0.596814552843E-02
  0.432000000000E+01  0.150000000000E+01  0.179661473710E+01  0.819195848090E-01  0.596517188914E-02
  0.432500000000E+01  0.150000000000E+01  0.179667619520E+01  0.818992048423E-01  0.596220422560E-02
  0.433000000000E+01  0.150000000000E+01  0.179673761868E+01  0.818788607192E-01  0.595924251793E-02
  0.433500000000E+01  0.150000000000E+01  0.179679900760E+01  0.818585523302E-01  0.595628674631E-02
  0.434000000000E+01  0.150000000000E+01  0.179686036202E+01  0.818382795664E-01  0.595333689102E-02
  0.434500000000E+01  0.150000000000E+01  0.179692168198E+01  0.818180423195E-01  0.595039293244E-02
  0.435000000000E+01  0.150000000000E+01  0.179698296756E+01  0.817978404813E-01  0.594745485103E-02
  0.435500000000E+01  0.150000000000E+01  0.179704421880E+01  0.817776739445E-01  0.594452262736E-02
  0.436000000000E+01  0.150000000000E+01  0.179710543576E+01  0.817575426020E-01  0.594159624206E-02
  0.436500000000E+01  0.150000000000E+01  0.179716661849E+01  0.817374463473E-01  0.593867567589E-02
  0.437000000000E+01  0.150000000000E+01  0.179722776706E+01  0.817173850742E-01  0.593576090965E-02
  0.437500000000E+01  0.150000000000E+01  0.179728888152E+01  0.816973586771E-01  0.593285192428E-02
  0.438000000000E+01  0.150000000000E+01  0.179734996191E+01  0.816773670510E-01  0.592994870078E-02
  0.438500000000E+01  0.150000000000E+01  0.179741100831E+01  0.816574100909E-01  0.592705122023E-02
  0.439000000000E+01  0.150000000000E+01  0.179747202075E+01  0.816374876928E-01  0.592415946382E-02
  0.439500000000E+01  0.150000000000E+01  0.179753299930E+01  0.816175997529E-01  0.592127341282E-02
  0.440000000000E+01  0.150000000000E+01  0.179759394402E+01  0.815977461676E-01  0.591839304856E-02
  0.440500000000E+01  0.150000000000E+01  0.179765485494E+01  0.815779268342E-01  0.591551835251E-02
  0.441000000000E+01  0.150000000000E+01  0.179771573214E+01  0.815581416502E-01  0.591264930617E-02
  0.441500000000E+01  0.150000000000E+01  0.179777657565E+01  0.815383905136E-01  0.590978589116E-02
  0.442000000000E+01  0.150000000000E+01  0.179783738555E+01  0.815186733228E-01  0.590692808916E-02
  0.442500000000E+01  0.150000000000E+01  0.179789816187E+01  0.814989899766E-01  0.590407588196E-02
  0.443000000000E+01  0.150000000000E+01  0.179795890467E+01  0.814793403743E-01  0.590122925141E-02
  0.443500000000E+01  0.150000000000E+01  0.179801961401E+01  0.814597244157E-01  0.589838817946E-02
  0.444000000000E+01  0.150000000000E+01  0.179808028993E+01  0.814401420010E-01  0.589555264812E-02
  0.444500000000E+01  0.150000000000E+01  0.179814093250E+01  0.814205930306E-01  0.589272263952E-02
  0.445000000000E+01  0.150000000000E+01  0.179820154176E+01  0.814010774056E-01  0.588989813582E-02
  0.445500000000E+01  0.150000000000E+01  0.179826211776E+01  0.813815950275E-01  0.588707911930E-02
  0.446000000000E+01  0.150000000000E+01  0.179832266056E+01  0.813621457980E-01  0.588426557231E-02
  0.446500000000E+01  0.150000000000E+01  0.179838317020E+01  0.813427296195E-01  0.588145747728E-02
  0.447000000000E+01  0.150000000000E+01  0.179844364675E+01  0.813233463946E-01  0.587865481672E-02
  0.447500000000E+01  0.150000000000E+01  0.179850409025E+01  0.813039960264E-01  0.587585757321E-02
  0.448000000000E+01  0.150000000000E+01  0.179856450075E+01  0.812846784184E-01  0.587306572941E-02
  0.448500000000E+01  0.150000000000E+01  0.179862487830E+01  0.812653934746E-01  0.587027926807E-02
  0.449000000000E+01  0.150000000000E+01  0.179868522296E+01  0.812461410992E-01  0.586749817201E-02
  0.449500000000E+01  0.150000000000E+01  0.179874553478E+01  0.812269211970E-01  0.586472242412E-02
  0.450000000000E+01  0.150000000000E+01  0.179880581380E+01  0.812077336731E-01  0.586195200739E-02
  0.450500000000E+01  0.150000000000E+01  0.179886606007E+01  0.811885784330E-01  0.585918690486E-02
  0.451000000000E+01  0.150000000000E+01  0.179892627365E+01  0.811694553827E-01  0.585642709966E-02
  0.451500000000E+01  0.150000000000E+01  0.179898645459E+01  0.811503644284E-01  0.585367257499E-02
  0.452000000000E+01  0.150000000000E+01  0.179904660294E+01  0.811313054770E-01  0.585092331413E-02
  0.452500000000E+01  0.150000000000E+01  0.179910671873E+01  0.811122784354E-01  0.584817930043E-02
  0.453000000000E+01  0.150000000000E+01  0.179916680204E+01  0.810932832112E-01  0.584544051730E-02
  0.453500000000E+01  0.150000000000E+01  0.179922685290E+01  0.810743197122E-01  0.584270694826E-02
  0.454000000000E+01  0.150000000000E+01  0.179928687136E+01  0.810553878467E-01  0.583997857688E-02
  0.454500000000E+01  0.150000000000E+01  0.179934685747E+01  0.810364875234E-01  0.583725538679E-02
  0.455000000000E+01  0.150000000000E+01  0.179940681128E+01  0.810176186513E-01  0.583453736171E-02
  0.455500000000E+01  0.150000000000E+01  0.179946673285E+01  0.809987811397E-01  0.583182448544E-02
  0.456000000000E+01  0.150000000000E+01  0.179952662221E+01  0.809799748985E-01  0.582911674184E-02
  0.456500000000E+01  0.150000000000E+01  0.179958647941E+01  0.809611998379E-01  0.582641411483E-02
  0.457000000000E+01  0.150000000000E+01  0.179964630451E+01  0.809424558682E-01  0.582371658843E-02
  0.457500000000E+01  0.150000000000E+01  0.179970609756E+01  0.809237429005E-01  0.582102414669E-02
  0.458000000000E+01  0.150000000000E+01  0.179976585859E+01  0.809050608460E-01  0.581833677377E-02
  0.458500000000E+01  0.150000000000E+01  0.179982558766E+01  0.808864096163E-01  0.581565445387E-02
  0.459000000000E+01  0.150000000000E+01  0.179988528481E+01  0.808677891234E-01  0.581297717129E-02
  0.459500000000E+01  0.150000000000E+01  0.179994495010E+01  0.808491992796E-01  0.581030491036E-02
  0.460000000000E+01  0.150000000000E+01  0.180000458356E+01  0.808306399978E-01  0.580763765551E-02
  0.460500000000E+01  0.150000000000E+01  0.180006418525E+01  0.808121111909E-01  0.580497539123E-02
  0.461000000000E+01  0.150000000000E+01  0.180012375522E+01  0.807936127724E-01  0.580231810206E-02
  0.461500000000E+01  0.150000000000E+01  0.180018329350E+01  0.807751446561E-01  0.579966577263E-02
  0.462000000000E+01  0.150000000000E+01  0.180024280015E+01  0.807567067561E-01  0.579701838763E-02
  0.462500000000E+01  0.150000000000E+01  0.180030227521E+01  0.807382989869E-01  0.579437593181E-02
  0.463000000000E+01  0.150000000000E+01  0.180036171873E+01  0.807199212633E-01  0.579173839000E-02
  0.463500000000E+01  0.150000000000E+01  0.180042113075E+01  0.807015735005E-01  0.578910574707E-02
  0.464000000000E+01  0.150000000000E+01  0.180048051132E+01  0.806832556141E-01  0.578647798799E-02
  0.464500000000E+01  0.150000000000E+01  0.180053986048E+01  0.806649675198E-01  0.578385509776E-02
  0.465000000000E+01  0.150000000000E+01  0.180059917829E+01  0.806467091340E-01  0.578123706147E-02
  0.465500000000E+01  0.150000000000E+01  0.180065846478E+01  0.806284803732E-01  0.577862386426E-02
  0.466000000000E+01  0.150000000000E+01  0.180071772001E+01  0.806102811543E-01  0.577601549136E-02
  0.466500000000E+01  0.150000000000E+01  0.180077694401E+01  0.805921113945E-01  0.577341192802E-02
  0.467000000000E+01  0.150000000000E+01  0.180083613683E+01  0.805739710113E-01  0.577081315958E-02
  0.467500000000E+01  0.150000000000E+01  0.180089529852E+01  0.805558599226E-01  0.576821917145E-02
  0.468000000000E+01  0.150000000000E+01  0.180095442911E+01  0.805377780468E-01  0.576562994908E-02
  0.468500000000E+01  0.150000000000E+01  0.180101352867E+01  0.805197253022E-01  0.576304547800E-02
  0.469000000000E+01  0.150000000000E+01  0.180107259722E+01  0.805017016079E-01  0.576046574379E-02
  0.469500000000E+01  0.150000000000E+01  0.180113163481E+01  0.804837068830E-01  0.575789073211E-02
  0.470000000000E+01  0.150000000000E+01  0.180119064149E+01  0.804657410470E-01  0.575532042866E-02
  0.470500000000E+01  0.150000000000E+01  0.180124961731E+01  0.804478040198E-01  0.575275481921E-02
  0.471000000000E+01  0.150000000000E+01  0.180130856229E+01  0.804298957216E-01  0.575019388959E-02
  0.471500000000E+01  0.150000000000E+01  0.180136747650E+01  0.804120160728E-01  0.574763762568E-02
  0.472000000000E+01  0.150000000000E+01  0.180142635996E+01  0.803941649943E-01  0.574508601345E-02
  0.472500000000E+01  0.150000000000E+01  0.180148521273E+01  0.803763424072E-01  0.574253903889E-02
  0.473000000000E+01  0.150000000000E+01  0.180154403485E+01  0.803585482329E-01  0.573999668808E-02
  0.473500000000E+01  0.150000000000E+01  0.180160282636E+01  0.803407823931E-01  0.573745894715E-02
  0.474000000000E+01  0.150000000000E+01  0.180166158730E+01  0.803230448100E-01  0.573492580227E-02
  0.474500000000E+01  0.150000000000E+01  0.180172031772E+01  0.803053354059E-01  0.573239723969E-02
  0.475000000000E+01  0.150000000000E+01  0.180177901766E+01  0.802876541035E-01  0.572987324572E-02
  0.475500000000E+01  0.150000000000E+01  0.180183768715E+01  0.802700008257E-01  0.572735380672E-02
  0.476000000000E+01  0.150000000000E+01  0.180189632626E+01  0.802523754958E-01  0.572483890909E-02
  0.476500000000E+01  0.150000000000E+01  0.180195493500E+01  0.802347780375E-01  0.572232853932E-02
  0.477000000000E+01  0.150000000000E+01  0.180201351343E+01  0.802172083746E-01  0.571982268393E-02
  0.477500000000E+01  0.150000000000E+01  0.180207206160E+01  0.801996664313E-01  0.571732132951E-02
  0.478000000000E+01  0.150000000000E+01  0.180213057953E+01  0.801821521321E-01  0.571482446270E-02
  0.478500000000E+01  0.150000000000E+01  0.180218906727E+01  0.801646654018E-01  0.571233207021E-02
  0.479000000000E+01  0.150000000000E+01  0.180224752487E+01  0.801472061654E-01  0.570984413878E-02
  0.479500000000E+01  0.150000000000E+01  0.180230595237E+01  0.801297743484E-01  0.570736065522E-02
  0.480000000000E+01  0.150000000000E+01  0.180236434979E+01  0.801123698763E-01  0.570488160640E-02
  0.480500000000E+01  0.150000000000E+01  0.180242271720E+01  0.800949926752E-01  0.570240697924E-02
  0.481000000000E+01  0.150000000000E+01  0.180248105462E+01  0.800776426713E-01  0.569993676070E-02
  0.481500000000E+01  0.150000000000E+01  0.180253936211E+01  0.800603197911E-01  0.569747093782E-02
  0.482000000000E+01  0.150000000000E+01  0.180259763969E+01  0.800430239614E-01  0.569500949767E-02
  0.482500000000E+01  0.150000000000E+01  0.180265588741E+01  0.800257551093E-01  0.569255242739E-02
  0.483000000000E+01  0.150000000000E+01  0.180271410531E+01  0.800085131623E-01  0.569009971416E-02
  0.483500000000E+01  0.150000000000E+01  0.180277229343E+01  0.799912980479E-01  0.568765134523E-02
  0.484000000000E+01  0.150000000000E+01  0.180283045181E+01  0.799741096941E-01  0.568520730788E-02
  0.484500000000E+01  0.150000000000E+01  0.180288858049E+01  0.799569480292E-01  0.568276758946E-02
  0.485000000000E+01  0.150000000000E+01  0.180294667951E+01  0.799398129816E-01  0.568033217737E-02
  0.485500000000E+01  0.150000000000E+01  0.180300474892E+01  0.799227044802E-01  0.567790105905E-02
  0.486000000000E+01  0.150000000000E+01  0.180306278874E+01  0.799056224539E-01  0.567547422200E-02
  0.486500000000E+01  0.150000000000E+01  0.180312079901E+01  0.798885668322E-01  0.567305165378E-02
  0.487000000000E+01  0.150000000000E+01  0.180317877979E+01  0.798715375445E-01  0.567063334198E-02
  0.487500000000E+01  0.150000000000E+01  0.180323673110E+01  0.798545345208E-01  0.566821927425E-02
  0.488000000000E+01  0.150000000000E+01  0.180329465299E+01  0.798375576912E-01  0.566580943831E-02
  0.488500000000E+01  0.150000000000E+01  0.180335254550E+01  0.798206069861E-01  0.566340382189E-02
  0.489000000000E+01  0.150000000000E+01  0.180341040866E+01  0.798036823362E-01  0.566100241281E-02
  0.489500000000E+01  0.150000000000E+01  0.180346824251E+01  0.797867836724E-01  0.565860519892E-02
  0.490000000000E+01  0.150000000000E+01  0.180352604709E+01  0.797699109259E-01  0.565621216811E-02
  0.490500000000E+01  0.150000000000E+01  0.180358382244E+01  0.797530640281E-01  0.565382330833E-02
  0.491000000000E+01  0.150000000000E+01  0.180364156860E+01  0.797362429109E-01  0.565143860759E-02
  0.491500000000E+01  0.150000000000E+01  0.180369928560E+01  0.797194475061E-01  0.564905805394E-02
  0.492000000000E+01  0.150000000000E+01  0.180375697349E+01  0.797026777461E-01  0.564668163546E-02
