  0.500000000000E-02  0.500123750000E+00  0.711007230595E+00  0.336090363294E-01  0.903206715743E-02
  0.100000000000E-01  0.500248750000E+00  0.711136292931E+00  0.338273170359E-01  0.914519728796E-02
  0.150000000000E-01  0.500373750000E+00  0.711265484172E+00  0.339938261960E-01  0.923083649722E-02
  0.200000000000E-01  0.500498750000E+00  0.711394779884E+00  0.341336346689E-01  0.930227283556E-02
  0.250000000000E-01  0.500623750000E+00  0.711524165997E+00  0.342564075235E-01  0.936463231993E-02
  0.300000000000E-01  0.500748750000E+00  0.711653633033E+00  0.343670919603E-01  0.942054043424E-02
  0.350000000000E-01  0.500873750000E+00  0.711783174045E+00  0.344686233917E-01  0.947155597620E-02
  0.400000000000E-01  0.500998750000E+00  0.711912783657E+00  0.345629128374E-01  0.951869438672E-02
  0.450000000000E-01  0.501123750000E+00  0.712042457549E+00  0.346512868755E-01  0.956266099240E-02
  0.500000000000E-01  0.501248750000E+00  0.712172192151E+00  0.347347109031E-01  0.960396940020E-02
  0.550000000000E-01  0.501373750000E+00  0.712301984449E+00  0.348139134192E-01  0.964300742196E-02
  0.600000000000E-01  0.501498750000E+00  0.712431831852E+00  0.348894601971E-01  0.968007642900E-02
  0.650000000000E-01  0.501623750000E+00  0.712561732106E+00  0.349618010292E-01  0.971541616042E-02
  0.700000000000E-01  0.501748750000E+00  0.712691683225E+00  0.350313005062E-01  0.974922106252E-02
  0.750000000000E-01  0.501873750000E+00  0.712821683441E+00  0.350982590290E-01  0.978165144620E-02
  0.800000000000E-01  0.501998750000E+00  0.712951731169E+00  0.351629275938E-01  0.981284133998E-02
  0.850000000000E-01  0.502123750000E+00  0.713081824976E+00  0.352255184681E-01  0.984290416157E-02
  0.900000000000E-01  0.502248750000E+00  0.713211963560E+00  0.352862130711E-01  0.987193690606E-02
  0.950000000000E-01  0.502373750000E+00  0.713342145729E+00  0.353451679060E-01  0.990002329900E-02
  0.100000000000E+00  0.502498750000E+00  0.713472370390E+00  0.354025191013E-01  0.992723621104E-02
  0.105000000000E+00  0.502623750000E+00  0.713602636533E+00  0.354583859404E-01  0.995363953509E-02
  0.110000000000E+00  0.502748750000E+00  0.713732943222E+00  0.355128736418E-01  0.997928966539E-02
  0.115000000000E+00  0.502873750000E+00  0.713863289588E+00  0.355660755765E-01  0.100042366772E-01
  0.120000000000E+00  0.502998750000E+00  0.713993674818E+00  0.356180750542E-01  0.100285252777E-01
  0.125000000000E+00  0.503123750000E+00  0.714124098154E+00  0.356689467786E-01  0.100521955808E-01
  0.130000000000E+00  0.503248750000E+00  0.714254558884E+00  0.357187580423E-01  0.100752837431E-01
  0.135000000000E+00  0.503373750000E+00  0.714385056338E+00  0.357675697162E-01  0.100978224914E-01
  0.140000000000E+00  0.503498750000E+00  0.714515589883E+00  0.358154370759E-01  0.101198415627E-01
  0.145000000000E+00  0.503623750000E+00  0.714646158925E+00  0.358624104960E-01  0.101413680743E-01
  0.150000000000E+00  0.503748750000E+00  0.714776762898E+00  0.359085360374E-01  0.101624268369E-01
  0.155000000000E+00  0.503873750000E+00  0.714907401267E+00  0.359538559471E-01  0.101830406209E-01
  0.160000000000E+00  0.503998750000E+00  0.715038073524E+00  0.359984090857E-01  0.102032303849E-01
  0.165000000000E+00  0.504123750000E+00  0.715168779184E+00  0.360422312958E-01  0.102230154717E-01
  0.170000000000E+00  0.504248750000E+00  0.715299517788E+00  0.360853557201E-01  0.102424137783E-01
  0.175000000000E+00  0.504373750000E+00  0.715430288894E+00  0.361278130774E-01  0.102614419032E-01
  0.180000000000E+00  0.504498750000E+00  0.715561092084E+00  0.361696319035E-01  0.102801152751E-01
  0.185000000000E+00  0.504623750000E+00  0.715691926954E+00  0.362108387629E-01  0.102984482659E-01
  0.190000000000E+00  0.504748750000E+00  0.715822793121E+00  0.362514584335E-01  0.103164542892E-01
  0.195000000000E+00  0.504873750000E+00  0.715953690214E+00  0.362915140707E-01  0.103341458882E-01
  0.200000000000E+00  0.504998750000E+00  0.716084617880E+00  0.363310273521E-01  0.103515348131E-01
  0.205000000000E+00  0.505123750000E+00  0.716215575779E+00  0.363700186062E-01  0.103686320896E-01
  0.255550000000E+00  0.506386112500E+00  0.717539797950E+00  0.367361718762E-01  0.105257783079E-01
  0.261704395000E+00  0.506539819750E+00  0.717701229474E+00  0.367788185818E-01  0.105438291942E-01
  0.268528996900E+00  0.506710265384E+00  0.717880288472E+00  0.368250707403E-01  0.105632551442E-01
  0.276096783038E+00  0.506899271988E+00  0.718078904449E+00  0.368755006350E-01  0.105843090193E-01
  0.284488676265E+00  0.507108860584E+00  0.718299219265E+00  0.369305060655E-01  0.106071354725E-01
  0.293794409927E+00  0.507341272230E+00  0.718543610619E+00  0.369904631663E-01  0.106318574962E-01
  0.304113487011E+00  0.507598991975E+00  0.718814718230E+00  0.370557520292E-01  0.106585900007E-01
  0.315556243693E+00  0.507884775420E+00  0.719115472986E+00  0.371267633749E-01  0.106874423975E-01
  0.328245028654E+00  0.508201678170E+00  0.719449129391E+00  0.372039004592E-01  0.107185182923E-01
  0.342315510756E+00  0.508553088492E+00  0.719819301695E+00  0.372875793774E-01  0.107519140774E-01
  0.357918129075E+00  0.508942763530E+00  0.720230004131E+00  0.373782287224E-01  0.107877169475E-01
  0.375219700743E+00  0.509374869455E+00  0.720685695735E+00  0.374762889544E-01  0.108260025185E-01
  0.394405203817E+00  0.509854025995E+00  0.721191330306E+00  0.375822116534E-01  0.108668321203E-01
  0.415679754187E+00  0.510385355803E+00  0.721752412088E+00  0.376964587513E-01  0.109102497885E-01
  0.439270797674E+00  0.510974539205E+00  0.722375057881E+00  0.378195018076E-01  0.109562789643E-01
  0.465430540701E+00  0.511627874899E+00  0.723066066337E+00  0.379518213815E-01  0.110049188993E-01
  0.494438645543E+00  0.512352347272E+00  0.723832995314E+00  0.380939065366E-01  0.110561407561E-01
  0.526605218907E+00  0.513155701031E+00  0.724684248272E+00  0.382462545083E-01  0.111098833938E-01
  0.562274125801E+00  0.514046523965E+00  0.725629170819E+00  0.384093705548E-01  0.111660488203E-01
  0.601826664062E+00  0.515034338712E+00  0.726678158661E+00  0.385837680045E-01  0.112244972978E-01
  0.645685638818E+00  0.516129704513E+00  0.727842778389E+00  0.387699685013E-01  0.112850420850E-01
  0.694319880386E+00  0.517344330042E+00  0.729135902704E+00  0.389685024476E-01  0.113474438072E-01
  0.748249253869E+00  0.518691198513E+00  0.730571861917E+00  0.391799096324E-01  0.114114044525E-01
  0.808050213966E+00  0.520184706403E+00  0.732166613767E+00  0.394047400319E-01  0.114765610072E-01
  0.874361964312E+00  0.521840817278E+00  0.733937933898E+00  0.396435547614E-01  0.115424787618E-01
  0.947893287145E+00  0.523677232347E+00  0.735905629574E+00  0.398969271585E-01  0.116086443456E-01
  0.102943011623E+01  0.525713579593E+00  0.738091779509E+00  0.401654439753E-01  0.116744585821E-01
  0.111984393395E+01  0.527971623472E+00  0.740521002961E+00  0.404497066554E-01  0.117392292986E-01
  0.122010108215E+01  0.530475497440E+00  0.743220761449E+00  0.407503326810E-01  0.118021642789E-01
  0.133127308636E+01  0.533251961788E+00  0.746221696577E+00  0.410679569362E-01  0.118623645872E-01
  0.145454810340E+01  0.536330689523E+00  0.749558007430E+00  0.414032332590E-01  0.119188186884E-01
  0.159124361484E+01  0.539744583373E+00  0.753267870648E+00  0.417568352808E-01  0.119703972496E-01
  0.174282050175E+01  0.543530127276E+00  0.757393905616E+00  0.421294601716E-01  0.120158511894E-01
  0.191089865104E+01  0.547727776128E+00  0.761983685903E+00  0.425218223733E-01  0.120538061580E-01
  0.209727426011E+01  0.552382387939E+00  0.767090296055E+00  0.429346781117E-01  0.120827773248E-01
  0.230393902449E+01  0.557543703006E+00  0.772772929974E+00  0.433687655029E-01  0.121011400019E-01
  0.253310141348E+01  0.563266875244E+00  0.779097523282E+00  0.438249546492E-01  0.121072224693E-01
  0.278721026086E+01  0.569613061319E+00  0.786137407630E+00  0.443039220213E-01  0.120991389775E-01
  0.306898092256E+01  0.576650073889E+00  0.793973970724E+00  0.448068188494E-01  0.120751772500E-01
  0.338142428068E+01  0.584453105933E+00  0.802697303833E+00  0.453340171039E-01  0.120331425642E-01
  0.372787890341E+01  0.593105533882E+00  0.812406822586E+00  0.458873334276E-01  0.119715858798E-01
  0.411204670436E+01  0.602699808148E+00  0.823211862929E+00  0.464663509797E-01  0.118878967987E-01
  0.453803248178E+01  0.613338440543E+00  0.835232292343E+00  0.470742223029E-01  0.117813737650E-01
  0.501038776011E+01  0.625135099136E+00  0.848599251048E+00  0.477090252902E-01  0.116488570560E-01
  0.550376722652E+01  0.637469585796E+00  0.862606417161E+00  0.483402490153E-01  0.115008204701E-01
  0.599714669292E+01  0.649804072456E+00  0.876637714640E+00  0.489381327867E-01  0.113438357081E-01
  0.649052615933E+01  0.662138559116E+00  0.890686556788E+00  0.495079972191E-01  0.111810593457E-01
  0.698390562573E+01  0.674473045777E+00  0.904748744969E+00  0.500532832389E-01  0.110145292150E-01
  0.747728509214E+01  0.686807532437E+00  0.918821977322E+00  0.505767367046E-01  0.108457978501E-01
  0.797066455854E+01  0.699142019097E+00  0.932905422466E+00  0.510806229932E-01  0.106760735631E-01
  0.846404402495E+01  0.711476505757E+00  0.946999904789E+00  0.515668570031E-01  0.105063095580E-01
  0.895742349135E+01  0.723810992417E+00  0.961109206285E+00  0.520370892139E-01  0.103372647199E-01
  0.945080295776E+01  0.736145479077E+00  0.975242134366E+00  0.524927562546E-01  0.101695433311E-01
  0.994418242416E+01  0.748479965737E+00  0.989413622709E+00  0.529351041937E-01  0.100036198506E-01
  0.104375618906E+02  0.760814452397E+00  0.100364287091E+01  0.533651956731E-01  0.983985503672E-02
  0.109309413570E+02  0.773148939058E+00  0.101794869181E+01  0.537839123044E-01  0.967850875775E-02
  0.114243208234E+02  0.785483425718E+00  0.103234480844E+01  0.541919627706E-01  0.951975357373E-02
  0.119177002898E+02  0.797817912378E+00  0.104683756128E+01  0.545899052011E-01  0.936369179373E-02
  0.124110797562E+02  0.810152399038E+00  0.106142617758E+01  0.549781872466E-01  0.921037648962E-02
  0.129044592226E+02  0.822486885698E+00  0.107610445212E+01  0.553571983240E-01  0.905983390255E-02
  0.133978386890E+02  0.834821372358E+00  0.109086284589E+01  0.557273202187E-01  0.891208246994E-02
  0.138912181554E+02  0.847155859018E+00  0.110569042261E+01  0.560889620296E-01  0.876714449257E-02
  0.143845976218E+02  0.859490345678E+00  0.112057594281E+01  0.564425733871E-01  0.862504962972E-02
  0.148779770882E+02  0.871824832339E+00  0.113550698003E+01  0.567886386017E-01  0.848583221814E-02
  0.153713565546E+02  0.884159318999E+00  0.115046677639E+01  0.571276588779E-01  0.834952543070E-02
  0.158647360210E+02  0.896493805659E+00  0.116543217298E+01  0.574601315685E-01  0.821615533640E-02
  0.163581154874E+02  0.908828292319E+00  0.118037811934E+01  0.577865345650E-01  0.808573717208E-02
  0.168514949538E+02  0.921162778979E+00  0.119528812547E+01  0.581073172559E-01  0.795827391809E-02
  0.173448744202E+02  0.933497265639E+00  0.121016086202E+01  0.584228946134E-01  0.783375593368E-02
  0.178382538866E+02  0.945831752299E+00  0.122500458173E+01  0.587336437125E-01  0.771216132043E-02
  0.183316333530E+02  0.958166238959E+00  0.123982332908E+01  0.590399044711E-01  0.759345736894E-02
  0.188250128194E+02  0.970500725620E+00  0.125460744983E+01  0.593419830175E-01  0.747760253096E-02
  0.193183922859E+02  0.982835212280E+00  0.126933720595E+01  0.596401529710E-01  0.736454767147E-02
  0.198117717523E+02  0.995169698940E+00  0.128399896755E+01  0.599346513181E-01  0.725423588943E-02
  0.203051512187E+02  0.100750418560E+01  0.129860240050E+01  0.602256686609E-01  0.714660104488E-02
  0.207985306851E+02  0.101983867226E+01  0.131318156464E+01  0.605133426369E-01  0.704156721565E-02
  0.212919101515E+02  0.103217315892E+01  0.132777804924E+01  0.607977717586E-01  0.693905290019E-02
  0.217852896179E+02  0.104450764558E+01  0.134242222704E+01  0.610790597252E-01  0.683898158911E-02
  0.222786690843E+02  0.105684213224E+01  0.135712329872E+01  0.613573776173E-01  0.674129508912E-02
  0.227720485507E+02  0.106917661890E+01  0.137186781996E+01  0.616330042309E-01  0.664596063788E-02
  0.232654280171E+02  0.108151110556E+01  0.138662892422E+01  0.619062954510E-01  0.655296217392E-02
  0.237588074835E+02  0.109384559222E+01  0.140138669159E+01  0.621775680794E-01  0.646227472489E-02
  0.242521869499E+02  0.110618007888E+01  0.141614139834E+01  0.624469620290E-01  0.637383710707E-02
  0.247455664163E+02  0.111851456554E+01  0.143090536435E+01  0.627143959773E-01  0.628754628903E-02
  0.252389458827E+02  0.113084905220E+01  0.144569109717E+01  0.629796707086E-01  0.620328150760E-02
  0.257303495756E+02  0.114314031881E+01  0.146045572514E+01  0.632418179832E-01  0.612124274224E-02
  0.261990318726E+02  0.115485737624E+01  0.147456379289E+01  0.634899099793E-01  0.604481081248E-02
  0.266677141696E+02  0.116657443367E+01  0.148868211326E+01  0.637352172254E-01  0.596985836619E-02
  0.271363964666E+02  0.117829149109E+01  0.150275014136E+01  0.639783090605E-01  0.589644195668E-02
  0.276050787636E+02  0.119000854852E+01  0.151667890781E+01  0.642188361021E-01  0.582444694520E-02
  0.280737610606E+02  0.120172560594E+01  0.153042225413E+01  0.644563882563E-01  0.575375411914E-02
  0.285229728664E+02  0.121296176569E+01  0.154348864350E+01  0.646817163235E-01  0.568720448071E-02
  0.289681967404E+02  0.122409236254E+01  0.155643164634E+01  0.649005397110E-01  0.562209572579E-02
  0.294134206143E+02  0.123522295939E+01  0.156942536826E+01  0.651159160639E-01  0.555793667414E-02
  0.298586444882E+02  0.124635355624E+01  0.158246041589E+01  0.653275792199E-01  0.549465731244E-02
  0.303038683621E+02  0.125748415308E+01  0.159550884036E+01  0.655356049926E-01  0.543224789274E-02
  0.307490922361E+02  0.126861474993E+01  0.160854243964E+01  0.657402925698E-01  0.537073529007E-02
  0.311760597632E+02  0.127929450407E+01  0.162100330016E+01  0.659345563414E-01  0.531269769122E-02
  0.315990197995E+02  0.128986850498E+01  0.163327692218E+01  0.661239168192E-01  0.525601093652E-02
  0.320219798359E+02  0.130044250589E+01  0.164549632097E+01  0.663116166177E-01  0.520028223332E-02
  0.324449398723E+02  0.131101650680E+01  0.165771039828E+01  0.664979847090E-01  0.514553626578E-02
  0.328678999087E+02  0.132159050771E+01  0.166997838761E+01  0.666833428814E-01  0.509179488745E-02
  0.332908599450E+02  0.133216450862E+01  0.168233645034E+01  0.668679668980E-01  0.503907143624E-02
  0.337089533273E+02  0.134262213301E+01  0.169465401074E+01  0.670520963758E-01  0.498823737861E-02
  0.341107539979E+02  0.135266714978E+01  0.170657254910E+01  0.672250811828E-01  0.493981608801E-02
  0.345125546685E+02  0.136271216654E+01  0.171856756345E+01  0.673992339129E-01  0.489250918054E-02
  0.349143553391E+02  0.137275718331E+01  0.173062372104E+01  0.675732930764E-01  0.484610381982E-02
  0.353161560097E+02  0.138280220007E+01  0.174271142300E+01  0.677472785845E-01  0.480057855196E-02
  0.357179566803E+02  0.139284721684E+01  0.175477950557E+01  0.679212500928E-01  0.475591818820E-02
  0.361197573509E+02  0.140289223360E+01  0.176674681706E+01  0.680952775651E-01  0.471210937624E-02
  0.365215580215E+02  0.141293725037E+01  0.177850436841E+01  0.682694316807E-01  0.466913919139E-02
  0.369050698379E+02  0.142253007019E+01  0.178947159773E+01  0.684364916635E-01  0.462895074969E-02
  0.372867728666E+02  0.143207264591E+01  0.180020625975E+01  0.686021248042E-01  0.458960205684E-02
  0.376684758952E+02  0.144161522162E+01  0.181095981002E+01  0.687681676772E-01  0.455099315872E-02
  0.380501789239E+02  0.145115779734E+01  0.182190240175E+01  0.689346244006E-01  0.451310609855E-02
  0.384318819526E+02  0.146070037306E+01  0.183310190431E+01  0.691016352530E-01  0.447594112138E-02
  0.388135849812E+02  0.147024294877E+01  0.184454346008E+01  0.692694146818E-01  0.443950777646E-02
  0.391952880099E+02  0.147978552449E+01  0.185617585723E+01  0.694382186956E-01  0.440382029903E-02
  0.395718340784E+02  0.148920395117E+01  0.186778935976E+01  0.696076422529E-01  0.436953762431E-02
  0.399344372547E+02  0.149826903057E+01  0.187905458154E+01  0.697693466133E-01  0.433690293261E-02
  0.402970404311E+02  0.150000000000E+01  0.188290769761E+01  0.679497607835E-01  0.410415110270E-02
  0.406596436074E+02  0.150000000000E+01  0.188483346064E+01  0.670977437885E-01  0.400187308578E-02
  0.410222467837E+02  0.150000000000E+01  0.188659848790E+01  0.664956121195E-01  0.393037016102E-02
  0.413848499600E+02  0.150000000000E+01  0.188824963168E+01  0.660150339871E-01  0.387376418873E-02
  0.417474531363E+02  0.150000000000E+01  0.188982864725E+01  0.656106258429E-01  0.382644819867E-02
  0.421100563126E+02  0.150000000000E+01  0.189142746457E+01  0.652600240983E-01  0.378566288472E-02
  0.424726594890E+02  0.150000000000E+01  0.189321345867E+01  0.649503218936E-01  0.374981716807E-02
  0.428352626653E+02  0.150000000000E+01  0.189532633035E+01  0.646733563646E-01  0.371790490975E-02
  0.431978658416E+02  0.150000000000E+01  0.189768769095E+01  0.644237081952E-01  0.368925704677E-02
  0.435604690179E+02  0.150000000000E+01  0.190007651251E+01  0.641977551275E-01  0.366342378970E-02
  0.439230721942E+02  0.150000000000E+01  0.190231743504E+01  0.639931208654E-01  0.364010623831E-02
  0.442856753705E+02  0.150000000000E+01  0.190429490919E+01  0.638081531202E-01  0.361909369299E-02
  0.446482785469E+02  0.150000000000E+01  0.190598559283E+01  0.636413118576E-01  0.360019251107E-02
  0.450108817232E+02  0.150000000000E+01  0.190746019762E+01  0.634907121770E-01  0.358317380688E-02
  0.453734848995E+02  0.150000000000E+01  0.190883315299E+01  0.633541912211E-01  0.356778092914E-02
  0.457360880758E+02  0.150000000000E+01  0.191017373263E+01  0.632297314384E-01  0.355377683357E-02
  0.460986912521E+02  0.150000000000E+01  0.191147815788E+01  0.631157980206E-01  0.354098129758E-02
  0.464612944284E+02  0.150000000000E+01  0.191274104230E+01  0.630114380396E-01  0.352928117672E-02
  0.468238976048E+02  0.150000000000E+01  0.191397389355E+01  0.629160156968E-01  0.351860002770E-02
  0.471865007811E+02  0.150000000000E+01  0.191518326978E+01  0.628288539415E-01  0.350885767787E-02
  0.475491039574E+02  0.150000000000E+01  0.191636717783E+01  0.627491497001E-01  0.349996070052E-02
  0.479117071337E+02  0.150000000000E+01  0.191751536988E+01  0.626761750003E-01  0.349182481126E-02
  0.482743103100E+02  0.150000000000E+01  0.191859612906E+01  0.626093507000E-01  0.348438292895E-02
  0.486369134863E+02  0.150000000000E+01  0.191955790840E+01  0.625478341930E-01  0.347753916643E-02
  0.489995166627E+02  0.150000000000E+01  0.192035950163E+01  0.624905323708E-01  0.347117034310E-02
  0.493621198390E+02  0.150000000000E+01  0.192099071486E+01  0.624373531600E-01  0.346526495078E-02
  0.497247230153E+02  0.150000000000E+01  0.192146343700E+01  0.623887789214E-01  0.345987532027E-02
  0.500873261916E+02  0.150000000000E+01  0.192179995023E+01  0.623440107813E-01  0.345491171582E-02
  0.504330184647E+02  0.150000000000E+01  0.192203346768E+01  0.623045986577E-01  0.345054490124E-02
  0.507774378740E+02  0.150000000000E+01  0.192224953531E+01  0.622697791000E-01  0.344668923481E-02
  0.511218572834E+02  0.150000000000E+01  0.192252768385E+01  0.622409226264E-01  0.344349551057E-02
  0.514662766928E+02  0.150000000000E+01  0.192291526628E+01  0.622195981976E-01  0.344113635545E-02
  0.518106961022E+02  0.150000000000E+01  0.192342489020E+01  0.622073378677E-01  0.343978034185E-02
  0.521551155116E+02  0.150000000000E+01  0.192406579255E+01  0.622033956865E-01  0.343934438660E-02
  0.524995349209E+02  0.150000000000E+01  0.192483779073E+01  0.622056936575E-01  0.343959850970E-02
  0.528439543303E+02  0.150000000000E+01  0.192573216852E+01  0.622182946198E-01  0.344099216480E-02
  0.531883737397E+02  0.150000000000E+01  0.192679458442E+01  0.622389741416E-01  0.344327991307E-02
  0.535327931491E+02  0.150000000000E+01  0.192806025178E+01  0.622605093762E-01  0.344566313581E-02
  0.538772125584E+02  0.150000000000E+01  0.192926935768E+01  0.622942005893E-01  0.344939326850E-02
  0.542216319678E+02  0.150000000000E+01  0.192962555192E+01  0.623565758096E-01  0.345630448596E-02
  0.545660513772E+02  0.150000000000E+01  0.193017529185E+01  0.624339702930E-01  0.346488946360E-02
  0.549104707866E+02  0.150000000000E+01  0.193202074304E+01  0.625303708320E-01  0.347559757901E-02
  0.552548901959E+02  0.150000000000E+01  0.193441444934E+01  0.626478015517E-01  0.348866403490E-02
  0.555993096053E+02  0.150000000000E+01  0.193657503966E+01  0.627913609387E-01  0.350467111870E-02
  0.559126921622E+02  0.150000000000E+01  0.193799702333E+01  0.629548643896E-01  0.352294662250E-02
  0.561710393493E+02  0.150000000000E+01  0.193882804590E+01  0.631190349588E-01  0.354134451033E-02
  0.563682734394E+02  0.150000000000E+01  0.193928571938E+01  0.632599022838E-01  0.355716909951E-02
  0.565654416895E+02  0.150000000000E+01  0.193955911436E+01  0.634084390277E-01  0.357389345771E-02
  0.567830195538E+02  0.150000000000E+01  0.193958894465E+01  0.636105575468E-01  0.359671380570E-02
  0.570234020923E+02  0.150000000000E+01  0.193939104971E+01  0.638791514052E-01  0.362715198600E-02
  0.572670188218E+02  0.150000000000E+01  0.193934601247E+01  0.641895033295E-01  0.366248207794E-02
  0.575184709935E+02  0.150000000000E+01  0.193977809471E+01  0.645316107990E-01  0.370162559317E-02
  0.577848495233E+02  0.150000000000E+01  0.194068292396E+01  0.649661068021E-01  0.375164002935E-02
  0.580373282599E+02  0.150000000000E+01  0.194174177864E+01  0.654841881728E-01  0.381171457835E-02
  0.582812125504E+02  0.150000000000E+01  0.194278776232E+01  0.660542671822E-01  0.387836996709E-02
  0.585425631088E+02  0.150000000000E+01  0.194383275803E+01  0.666556481447E-01  0.394931149297E-02
  0.588168824142E+02  0.150000000000E+01  0.194475790880E+01  0.672661020498E-01  0.402198087554E-02
  0.590800789136E+02  0.150000000000E+01  0.194564415717E+01  0.677753752413E-01  0.408311243476E-02
  0.592524820640E+02  0.150000000000E+01  0.194649689228E+01  0.681501748808E-01  0.412839674336E-02
  0.594335596317E+02  0.150000000000E+01  0.194761897038E+01  0.686019108951E-01  0.418330860307E-02
  0.596338674101E+02  0.150000000000E+01  0.194897958414E+01  0.690645363788E-01  0.423992016464E-02
  0.598435634432E+02  0.150000000000E+01  0.195042215648E+01  0.695316958152E-01  0.429747264262E-02
  0.600627609003E+02  0.150000000000E+01  0.195190083243E+01  0.700007577517E-01  0.435564985406E-02
  0.603048490444E+02  0.150000000000E+01  0.195344100486E+01  0.704577918477E-01  0.441271149516E-02
  0.605528920085E+02  0.150000000000E+01  0.195469455688E+01  0.709823500950E-01  0.447866135556E-02
  0.607637859907E+02  0.150000000000E+01  0.195554479912E+01  0.714253926323E-01  0.453474374460E-02
  0.609817818290E+02  0.150000000000E+01  0.195662130754E+01  0.719302490626E-01  0.459907620463E-02
  0.611859587588E+02  0.150000000000E+01  0.195792642089E+01  0.724519461614E-01  0.466603066896E-02
  0.614023026965E+02  0.150000000000E+01  0.195957949808E+01  0.730017070654E-01  0.473711043064E-02
  0.616123110347E+02  0.150000000000E+01  0.196135201546E+01  0.736516196945E-01  0.482183207433E-02
  0.618106363289E+02  0.150000000000E+01  0.196305287311E+01  0.742954080094E-01  0.490649569003E-02
  0.620169467648E+02  0.150000000000E+01  0.196470211788E+01  0.749247986522E-01  0.498997818051E-02
  0.622196272659E+02  0.150000000000E+01  0.196608116079E+01  0.755442494323E-01  0.507282988648E-02
  0.624074415852E+02  0.150000000000E+01  0.196700152792E+01  0.761019994550E-01  0.514801272982E-02
  0.625912325838E+02  0.150000000000E+01  0.196739577345E+01  0.766499947031E-01  0.522241927821E-02
  0.627884318503E+02  0.150000000000E+01  0.196725554837E+01  0.771782637479E-01  0.529465279568E-02
  0.629908454432E+02  0.150000000000E+01  0.196669433912E+01  0.777101340942E-01  0.536787994750E-02
  0.632097935720E+02  0.150000000000E+01  0.196608900448E+01  0.783225786041E-01  0.545282339484E-02
  0.633858911287E+02  0.150000000000E+01  0.196592273150E+01  0.788975739983E-01  0.553317971807E-02
  0.635347746961E+02  0.150000000000E+01  0.196584660088E+01  0.794598061149E-01  0.561232070028E-02
  0.636996662445E+02  0.150000000000E+01  0.196584154463E+01  0.800672976525E-01  0.569846413634E-02
  0.638799929622E+02  0.150000000000E+01  0.196623342805E+01  0.807166183526E-01  0.579126442514E-02
  0.640506021945E+02  0.150000000000E+01  0.196659475001E+01  0.813477521229E-01  0.588218380040E-02
  0.642110048078E+02  0.150000000000E+01  0.196651808385E+01  0.819505320180E-01  0.596967973159E-02
  0.643684841044E+02  0.150000000000E+01  0.196604170314E+01  0.825285853049E-01  0.605419323771E-02
  0.645219377878E+02  0.150000000000E+01  0.196534098115E+01  0.830671248480E-01  0.613346420490E-02
  0.646821704127E+02  0.150000000000E+01  0.196444999093E+01  0.836014998021E-01  0.621263179482E-02
  0.648351139590E+02  0.150000000000E+01  0.196329885163E+01  0.840867742316E-01  0.628496497837E-02
  0.650028963618E+02  0.150000000000E+01  0.196162282493E+01  0.846571061870E-01  0.637051166929E-02
  0.651889482343E+02  0.150000000000E+01  0.195945445921E+01  0.853817882882E-01  0.648004424115E-02
  0.653828482767E+02  0.150000000000E+01  0.195737082602E+01  0.861746323081E-01  0.660094866972E-02
  0.655673025843E+02  0.150000000000E+01  0.195596104913E+01  0.869734712565E-01  0.672389751325E-02
  0.657295430164E+02  0.150000000000E+01  0.195459024634E+01  0.877345576491E-01  0.684209120523E-02
  0.658708556003E+02  0.150000000000E+01  0.195220827820E+01  0.884360163499E-01  0.695193687807E-02
  0.660266069561E+02  0.150000000000E+01  0.195093094073E+01  0.892181447409E-01  0.707544653423E-02
  0.661934350994E+02  0.150000000000E+01  0.195123125953E+01  0.900309966430E-01  0.720496031691E-02
  0.663602632428E+02  0.150000000000E+01  0.195053352453E+01  0.908201385450E-01  0.733182005807E-02
  0.665437142056E+02  0.150000000000E+01  0.194993759920E+01  0.916366001919E-01  0.746423688420E-02
  0.667282261994E+02  0.150000000000E+01  0.194822804307E+01  0.924338536181E-01  0.759468203973E-02
  0.669113289132E+02  0.150000000000E+01  0.194688470933E+01  0.932112237034E-01  0.772296197714E-02
  0.670967120128E+02  0.150000000000E+01  0.194637907312E+01  0.938999375647E-01  0.783750957748E-02
  0.672831333793E+02  0.150000000000E+01  0.194593526164E+01  0.945157715020E-01  0.794064983343E-02
  0.674653296443E+02  0.150000000000E+01  0.194554742632E+01  0.950439187755E-01  0.802964132996E-02
  0.676485789880E+02  0.150000000000E+01  0.194462586968E+01  0.955566521789E-01  0.811651002280E-02
  0.678417344676E+02  0.150000000000E+01  0.194400040035E+01  0.959917359207E-01  0.819058965784E-02
  0.680351090140E+02  0.150000000000E+01  0.194356572789E+01  0.963571283617E-01  0.825306327654E-02
  0.682301262035E+02  0.150000000000E+01  0.194469502468E+01  0.966926880769E-01  0.831064526893E-02
  0.684140827818E+02  0.150000000000E+01  0.194302576293E+01  0.970272088819E-01  0.836824823415E-02
  0.685910945352E+02  0.150000000000E+01  0.194239384498E+01  0.973873231644E-01  0.843048063389E-02
  0.687739689378E+02  0.150000000000E+01  0.194257654254E+01  0.978129882485E-01  0.850433837342E-02
  0.689721235614E+02  0.150000000000E+01  0.194268927512E+01  0.981459473790E-01  0.856233509949E-02
  0.691767678043E+02  0.150000000000E+01  0.194117901093E+01  0.983577187352E-01  0.859932518649E-02
  0.693730188579E+02  0.150000000000E+01  0.193811388994E+01  0.985280120002E-01  0.862912813218E-02
  0.695549304205E+02  0.150000000000E+01  0.193622871958E+01  0.986902822499E-01  0.865757494272E-02
  0.697554029988E+02  0.150000000000E+01  0.193567959623E+01  0.988617880672E-01  0.868769167986E-02
  0.699630939639E+02  0.150000000000E+01  0.193734202325E+01  0.989218503871E-01  0.869825109689E-02
  0.701734852864E+02  0.150000000000E+01  0.193930007952E+01  0.989504610550E-01  0.870328332711E-02
  0.703961281966E+02  0.150000000000E+01  0.193948315334E+01  0.990082022132E-01  0.871344364933E-02
  0.706262401237E+02  0.150000000000E+01  0.193625434694E+01  0.990182800974E-01  0.871521759418E-02
  0.708183595250E+02  0.150000000000E+01  0.193271057777E+01  0.989808587806E-01  0.870863147106E-02
  0.709840964695E+02  0.150000000000E+01  0.193066195416E+01  0.989626460917E-01  0.870542695243E-02
  0.711639733055E+02  0.150000000000E+01  0.192930464925E+01  0.988783445682E-01  0.869060179959E-02
  0.713634363477E+02  0.150000000000E+01  0.192813968327E+01  0.987310452207E-01  0.866472825811E-02
  0.715673512115E+02  0.150000000000E+01  0.192713128222E+01  0.985800835258E-01  0.863825143818E-02
  0.717660655791E+02  0.150000000000E+01  0.192454000947E+01  0.984583562902E-01  0.861693148743E-02
  0.719864078243E+02  0.150000000000E+01  0.192119899816E+01  0.983185057116E-01  0.859246983588E-02
  0.722146638201E+02  0.150000000000E+01  0.191781858972E+01  0.981450862996E-01  0.856218485756E-02
  0.724254560268E+02  0.150000000000E+01  0.191504615754E+01  0.979846162568E-01  0.853420890933E-02
  0.726188869348E+02  0.150000000000E+01  0.191248308826E+01  0.978497237896E-01  0.851072750730E-02
  0.728296234035E+02  0.150000000000E+01  0.191035124547E+01  0.977320128805E-01  0.849026341482E-02
  0.730615003665E+02  0.150000000000E+01  0.190942741543E+01  0.976159253371E-01  0.847010567060E-02
  0.732982455298E+02  0.150000000000E+01  0.190886984450E+01  0.975020107134E-01  0.845034852724E-02
  0.735346761938E+02  0.150000000000E+01  0.190736593119E+01  0.974224658572E-01  0.843656609217E-02
  0.737653555026E+02  0.150000000000E+01  0.190335759206E+01  0.973425699695E-01  0.842273415845E-02
  0.740022960516E+02  0.150000000000E+01  0.189768024657E+01  0.972552320122E-01  0.840762680333E-02
  0.742520787841E+02  0.150000000000E+01  0.189538378430E+01  0.971335649591E-01  0.838660394815E-02
  0.745244544050E+02  0.150000000000E+01  0.189340091994E+01  0.969192702737E-01  0.834963995590E-02
  0.747606508436E+02  0.150000000000E+01  0.189289041537E+01  0.967517666644E-01  0.832080386905E-02
  0.750027200044E+02  0.150000000000E+01  0.189303168581E+01  0.966780573326E-01  0.830813046186E-02
  0.752626557620E+02  0.150000000000E+01  0.189195334151E+01  0.966542398690E-01  0.830403740857E-02
  0.755316415140E+02  0.150000000000E+01  0.189170643005E+01  0.966498372868E-01  0.830328093117E-02
  0.757983757271E+02  0.150000000000E+01  0.189434078479E+01  0.966612595443E-01  0.830524364150E-02
  0.760692319274E+02  0.150000000000E+01  0.189760020205E+01  0.966686963100E-01  0.830652164114E-02
  0.763134095981E+02  0.150000000000E+01  0.189905720768E+01  0.966124506845E-01  0.829685833535E-02
  0.765732775999E+02  0.150000000000E+01  0.189936857856E+01  0.965343305788E-01  0.828344620470E-02
  0.768155575413E+02  0.150000000000E+01  0.189976020678E+01  0.965066528095E-01  0.827869692133E-02
  0.770768772804E+02  0.150000000000E+01  0.190039405406E+01  0.964541327485E-01  0.826968864380E-02
  0.773398844669E+02  0.150000000000E+01  0.190193301911E+01  0.963748910861E-01  0.825610633942E-02
  0.775954103901E+02  0.150000000000E+01  0.190455340421E+01  0.963125392017E-01  0.824542685108E-02
  0.778404359797E+02  0.150000000000E+01  0.190582520022E+01  0.962387098379E-01  0.823279046334E-02
  0.780926009456E+02  0.150000000000E+01  0.190796217844E+01  0.961753152519E-01  0.822194779004E-02
  0.783170629297E+02  0.150000000000E+01  0.191062640388E+01  0.961359382721E-01  0.821521655775E-02
  0.785358627596E+02  0.150000000000E+01  0.191152453595E+01  0.961009788125E-01  0.820924278109E-02
  0.787663243485E+02  0.150000000000E+01  0.191093921849E+01  0.960572769813E-01  0.820177818761E-02
  0.790093495228E+02  0.150000000000E+01  0.190942252845E+01  0.959994020393E-01  0.819189794835E-02
  0.792474221135E+02  0.150000000000E+01  0.191023321212E+01  0.959841539731E-01  0.818929583461E-02
  0.795051355595E+02  0.150000000000E+01  0.191352695742E+01  0.959915820178E-01  0.819056339403E-02
  0.797270957229E+02  0.150000000000E+01  0.191575184000E+01  0.959589097039E-01  0.818498875695E-02
  0.799484346730E+02  0.150000000000E+01  0.191696082436E+01  0.959396070426E-01  0.818169617732E-02
  0.801931729421E+02  0.150000000000E+01  0.191693972412E+01  0.958945179913E-01  0.817400762736E-02
  0.804461818700E+02  0.150000000000E+01  0.191755095166E+01  0.958211821147E-01  0.816151017054E-02
  0.806727943445E+02  0.150000000000E+01  0.191817140556E+01  0.957849698805E-01  0.815534262668E-02
  0.809215514004E+02  0.150000000000E+01  0.191838773985E+01  0.957630220726E-01  0.815160568576E-02
  0.811691300808E+02  0.150000000000E+01  0.191824146575E+01  0.957504333375E-01  0.814946265273E-02
  0.814073691431E+02  0.150000000000E+01  0.191823222646E+01  0.957868834026E-01  0.815566847288E-02
  0.816536217761E+02  0.150000000000E+01  0.191733567878E+01  0.958038740461E-01  0.815856202866E-02
  0.819053628175E+02  0.150000000000E+01  0.191754453527E+01  0.958035283359E-01  0.815850314810E-02
  0.821462646576E+02  0.150000000000E+01  0.191845903196E+01  0.957845315828E-01  0.815526799160E-02
  0.823682388771E+02  0.150000000000E+01  0.191910741522E+01  0.957290580096E-01  0.814582448658E-02
  0.826066880348E+02  0.150000000000E+01  0.191910676869E+01  0.956511160581E-01  0.813256533615E-02
  0.828503813006E+02  0.150000000000E+01  0.191856636073E+01  0.955567418131E-01  0.811652524972E-02
  0.830907126349E+02  0.150000000000E+01  0.191781316887E+01  0.955191783264E-01  0.811014526947E-02
  0.833329467191E+02  0.150000000000E+01  0.191782297641E+01  0.954692549119E-01  0.810166989639E-02
  0.835852852893E+02  0.150000000000E+01  0.191855644526E+01  0.954285101099E-01  0.809475603716E-02
  0.838324110486E+02  0.150000000000E+01  0.191903912117E+01  0.954693525717E-01  0.810168647152E-02
  0.840393983962E+02  0.150000000000E+01  0.191881426581E+01  0.955254298915E-01  0.811120689418E-02
  0.842541877250E+02  0.150000000000E+01  0.191890266301E+01  0.955020077867E-01  0.810722977004E-02
  0.844923427711E+02  0.150000000000E+01  0.191962047702E+01  0.954328255198E-01  0.809548816595E-02
  0.847564050414E+02  0.150000000000E+01  0.192092478107E+01  0.953409967107E-01  0.807991613670E-02
  0.850488707368E+02  0.150000000000E+01  0.192221434694E+01  0.951998308649E-01  0.805600693041E-02
  0.853413364323E+02  0.150000000000E+01  0.192316782415E+01  0.951031719390E-01  0.803965627810E-02
  0.856167889363E+02  0.150000000000E+01  0.192365234087E+01  0.951164954166E-01  0.804190906697E-02
  0.858717396765E+02  0.150000000000E+01  0.192276481679E+01  0.952364698231E-01  0.806220905276E-02
  0.861199303845E+02  0.150000000000E+01  0.192186166187E+01  0.953133577624E-01  0.807523214928E-02
  0.863519015675E+02  0.150000000000E+01  0.192116538629E+01  0.953289407971E-01  0.807787284755E-02
  0.865733377906E+02  0.150000000000E+01  0.192082261876E+01  0.953337031101E-01  0.807867995439E-02
  0.867696047611E+02  0.150000000000E+01  0.192082123096E+01  0.953655715550E-01  0.808408198934E-02
  0.869648838581E+02  0.150000000000E+01  0.192070110787E+01  0.953933727028E-01  0.808879604944E-02
  0.871809307012E+02  0.150000000000E+01  0.192019097190E+01  0.954443621462E-01  0.809744556933E-02
  0.873826255320E+02  0.150000000000E+01  0.192042575692E+01  0.954789224441E-01  0.810331078319E-02
  0.876010342064E+02  0.150000000000E+01  0.192194150246E+01  0.955217170101E-01  0.811057637382E-02
  0.878432066174E+02  0.150000000000E+01  0.192367120427E+01  0.956003427975E-01  0.812393381600E-02
  0.880961172358E+02  0.150000000000E+01  0.192513263885E+01  0.956749998589E-01  0.813662719822E-02
  0.883401285570E+02  0.150000000000E+01  0.192678460693E+01  0.957330919220E-01  0.814651101239E-02
  0.886045113419E+02  0.150000000000E+01  0.192846137414E+01  0.957782512684E-01  0.815419859204E-02
  0.888465543004E+02  0.150000000000E+01  0.192944746745E+01  0.957977892925E-01  0.815752571851E-02
  0.890874835653E+02  0.150000000000E+01  0.193077334565E+01  0.957783736698E-01  0.815421943363E-02
  0.893540354283E+02  0.150000000000E+01  0.193339321468E+01  0.956854650773E-01  0.813840731293E-02
  0.896205872912E+02  0.150000000000E+01  0.193686192521E+01  0.955635312897E-01  0.811767867783E-02
  0.899012859043E+02  0.150000000000E+01  0.194064879556E+01  0.954729425948E-01  0.810229579352E-02
  0.901564497188E+02  0.150000000000E+01  0.194375833355E+01  0.954303590003E-01  0.809506970571E-02
  0.904154824482E+02  0.150000000000E+01  0.194572377409E+01  0.953624349734E-01  0.808355022583E-02
  0.906694868267E+02  0.150000000000E+01  0.194620236509E+01  0.952786863663E-01  0.806935828950E-02
  0.909511466323E+02  0.150000000000E+01  0.194542406893E+01  0.952002604013E-01  0.805607962709E-02
  0.912285597186E+02  0.150000000000E+01  0.194214008123E+01  0.950917147271E-01  0.803771929755E-02
  0.915194372758E+02  0.150000000000E+01  0.193458052450E+01  0.949552064779E-01  0.801465887757E-02
  0.918267263383E+02  0.150000000000E+01  0.192635713884E+01  0.948985526048E-01  0.800509803244E-02
  0.921001808323E+02  0.150000000000E+01  0.192065189547E+01  0.949128311678E-01  0.800750712915E-02
  0.923548771094E+02  0.150000000000E+01  0.191723026510E+01  0.949559708539E-01  0.801478791184E-02
  0.926260626562E+02  0.150000000000E+01  0.191439349222E+01  0.949552903555E-01  0.801467303689E-02
  0.928743781117E+02  0.150000000000E+01  0.191301617406E+01  0.948834992366E-01  0.800255860212E-02
  0.931335682155E+02  0.150000000000E+01  0.191379708042E+01  0.947490140261E-01  0.797988947459E-02
  0.934034831397E+02  0.150000000000E+01  0.191616184096E+01  0.945995240211E-01  0.795472884001E-02
  0.936639050736E+02  0.150000000000E+01  0.191857833541E+01  0.944824858209E-01  0.793505789058E-02
  0.939299292510E+02  0.150000000000E+01  0.192075225445E+01  0.943789742479E-01  0.791768069340E-02
  0.942122070052E+02  0.150000000000E+01  0.192357622614E+01  0.942496322537E-01  0.789599393774E-02
  0.944921249849E+02  0.150000000000E+01  0.192661288106E+01  0.941458070201E-01  0.787860709285E-02
  0.947875364518E+02  0.150000000000E+01  0.192903342002E+01  0.940714936791E-01  0.786617415379E-02
  0.950610004011E+02  0.150000000000E+01  0.193046561584E+01  0.941209086603E-01  0.787444039737E-02
  0.953158640125E+02  0.150000000000E+01  0.193078824185E+01  0.941531407447E-01  0.787983458853E-02
  0.955235625188E+02  0.150000000000E+01  0.193060176039E+01  0.942028036534E-01  0.788814952548E-02
  0.957320623630E+02  0.150000000000E+01  0.193030561744E+01  0.942610237400E-01  0.789790275245E-02
  0.959632502185E+02  0.150000000000E+01  0.193030436782E+01  0.942517129771E-01  0.789634257699E-02
  0.962065054665E+02  0.150000000000E+01  0.193041920307E+01  0.941857056174E-01  0.788528634901E-02
  0.964760875518E+02  0.150000000000E+01  0.193022734367E+01  0.941606096409E-01  0.788108480706E-02
  0.967423620114E+02  0.150000000000E+01  0.192816612417E+01  0.941720225506E-01  0.788299540557E-02
  0.969593644623E+02  0.150000000000E+01  0.192639437439E+01  0.941741719904E-01  0.788335526229E-02
  0.971927442459E+02  0.150000000000E+01  0.192543387630E+01  0.942092038959E-01  0.788922142107E-02
  0.974462313317E+02  0.150000000000E+01  0.192615580882E+01  0.942632802245E-01  0.789828088771E-02
  0.977014097399E+02  0.150000000000E+01  0.192817683523E+01  0.943804226687E-01  0.791792371833E-02
  0.979152512113E+02  0.150000000000E+01  0.192980667331E+01  0.945040092572E-01  0.793867356950E-02
  0.981484278864E+02  0.150000000000E+01  0.193033779824E+01  0.946040938902E-01  0.795549740514E-02
  0.983772285840E+02  0.150000000000E+01  0.193058104416E+01  0.946922233543E-01  0.797032636781E-02
  0.986055318188E+02  0.150000000000E+01  0.193060034827E+01  0.947780467973E-01  0.798478058197E-02
  0.988586929725E+02  0.150000000000E+01  0.193069153628E+01  0.949313693870E-01  0.801063546105E-02
  0.990994808004E+02  0.150000000000E+01  0.193078981599E+01  0.950936717520E-01  0.803805013980E-02
  0.993517001161E+02  0.150000000000E+01  0.193127984458E+01  0.951943361682E-01  0.805507701200E-02
  0.996105457866E+02  0.150000000000E+01  0.193227335056E+01  0.952700750882E-01  0.806789973983E-02
  0.998615942263E+02  0.150000000000E+01  0.193324348371E+01  0.953248268930E-01  0.807717566415E-02
  0.100107117458E+03  0.150000000000E+01  0.193496750542E+01  0.953568561160E-01  0.808260445185E-02
  0.100375224480E+03  0.150000000000E+01  0.193798746318E+01  0.953842128263E-01  0.808724271689E-02
  0.100629643959E+03  0.150000000000E+01  0.193945846596E+01  0.954187219082E-01  0.809309554720E-02
  0.100883189765E+03  0.150000000000E+01  0.193987471795E+01  0.954597348411E-01  0.810005420083E-02
  0.101135595572E+03  0.150000000000E+01  0.193984366197E+01  0.955199182081E-01  0.811027091066E-02
  0.101413678135E+03  0.150000000000E+01  0.193975706691E+01  0.955584959877E-01  0.811682324927E-02
  0.101670221999E+03  0.150000000000E+01  0.193901756203E+01  0.955727070479E-01  0.811923762886E-02
  0.101865069298E+03  0.150000000000E+01  0.193847569765E+01  0.955777428385E-01  0.812009326765E-02
  0.102054493820E+03  0.150000000000E+01  0.193866229343E+01  0.955809529773E-01  0.812063873072E-02
  0.102264526269E+03  0.150000000000E+01  0.193901264180E+01  0.955680000088E-01  0.811843788949E-02
  0.102496088319E+03  0.150000000000E+01  0.193848518463E+01  0.955796031788E-01  0.812040937229E-02
  0.102742770615E+03  0.150000000000E+01  0.193665393189E+01  0.956267649797E-01  0.812842504932E-02
  0.103010121606E+03  0.150000000000E+01  0.193303864567E+01  0.956442802021E-01  0.813140296477E-02
  0.103262551088E+03  0.150000000000E+01  0.192980789557E+01  0.956639016714E-01  0.813473962932E-02
  0.103529312788E+03  0.150000000000E+01  0.192919222677E+01  0.957451990300E-01  0.814857167760E-02
  0.103776075612E+03  0.150000000000E+01  0.192988629677E+01  0.958296365309E-01  0.816295043347E-02
  0.104006394577E+03  0.150000000000E+01  0.193037611941E+01  0.957931942491E-01  0.815674316840E-02
  0.104258110801E+03  0.150000000000E+01  0.193031196955E+01  0.956956208234E-01  0.814013497313E-02
  0.104523385086E+03  0.150000000000E+01  0.192925672082E+01  0.956058562188E-01  0.812487088296E-02
  0.104771116904E+03  0.150000000000E+01  0.192839560417E+01  0.955225385496E-01  0.811071588529E-02
  0.105045340696E+03  0.150000000000E+01  0.192715555166E+01  0.954302262761E-01  0.809504718855E-02
  0.105320515659E+03  0.150000000000E+01  0.192546689386E+01  0.953397220340E-01  0.807970008668E-02
  0.105566826238E+03  0.150000000000E+01  0.192347183872E+01  0.952112491512E-01  0.805793952439E-02
  0.105800216987E+03  0.150000000000E+01  0.192132848400E+01  0.950250232092E-01  0.802644892081E-02
  0.106044078749E+03  0.150000000000E+01  0.191949696229E+01  0.948339217084E-01  0.799419796141E-02
  0.106314476447E+03  0.150000000000E+01  0.191877964296E+01  0.946767727296E-01  0.796772559511E-02
  0.106589907998E+03  0.150000000000E+01  0.191712325631E+01  0.945987975720E-01  0.795460666850E-02
  0.106865541388E+03  0.150000000000E+01  0.191528217409E+01  0.945764899693E-01  0.795085551547E-02
  0.107135872885E+03  0.150000000000E+01  0.191460433272E+01  0.946224856589E-01  0.795859092647E-02
  0.107386834384E+03  0.150000000000E+01  0.191497079006E+01  0.946625433451E-01  0.796533076673E-02
  0.107619737997E+03  0.150000000000E+01  0.191630788450E+01  0.947152167539E-01  0.797419758643E-02
  0.107849760589E+03  0.150000000000E+01  0.191809077669E+01  0.947471927079E-01  0.797958268980E-02
  0.108090453897E+03  0.150000000000E+01  0.192013339176E+01  0.947001515368E-01  0.797166106764E-02
  0.108338038323E+03  0.150000000000E+01  0.192100201573E+01  0.946320966674E-01  0.796020775081E-02
  0.108597087069E+03  0.150000000000E+01  0.192082656721E+01  0.946139389247E-01  0.795715327898E-02
  0.108884331991E+03  0.150000000000E+01  0.192145434668E+01  0.945983042997E-01  0.795452371233E-02
  0.109150100638E+03  0.150000000000E+01  0.192340746591E+01  0.946148001357E-01  0.795729813753E-02
  0.109418946943E+03  0.150000000000E+01  0.192470962953E+01  0.946005042902E-01  0.795489369953E-02
  0.109689848516E+03  0.150000000000E+01  0.192503511263E+01  0.945757959152E-01  0.795073882043E-02
  0.109954595485E+03  0.150000000000E+01  0.192447711450E+01  0.945485497286E-01  0.794615844958E-02
  0.110197180691E+03  0.150000000000E+01  0.192379650336E+01  0.944829892865E-01  0.793514245734E-02
  0.110429465771E+03  0.150000000000E+01  0.192388652581E+01  0.944040725021E-01  0.792189235998E-02
  0.110676105569E+03  0.150000000000E+01  0.192540455894E+01  0.944032935954E-01  0.792176163703E-02
  0.110949590000E+03  0.150000000000E+01  0.192787684613E+01  0.944624730581E-01  0.793169672555E-02
  0.111232316880E+03  0.150000000000E+01  0.193075876114E+01  0.945017422502E-01  0.793829270074E-02
  0.111471023085E+03  0.150000000000E+01  0.193290880337E+01  0.944945121996E-01  0.793707807629E-02
  0.111721357818E+03  0.150000000000E+01  0.193463588590E+01  0.944486501817E-01  0.792937557435E-02
  0.111958242408E+03  0.150000000000E+01  0.193579034204E+01  0.944339868732E-01  0.792691366825E-02
  0.112209271212E+03  0.150000000000E+01  0.193699582358E+01  0.944623780597E-01  0.793168077217E-02
  0.112461008441E+03  0.150000000000E+01  0.193698340406E+01  0.945135788538E-01  0.794028141134E-02
  0.112690545954E+03  0.150000000000E+01  0.193664812027E+01  0.946238320095E-01  0.795881740814E-02
  0.112931971581E+03  0.150000000000E+01  0.193642855652E+01  0.947040133705E-01  0.797231124310E-02
  0.113194343808E+03  0.150000000000E+01  0.193646410311E+01  0.947206547621E-01  0.797511327873E-02
  0.113456716035E+03  0.150000000000E+01  0.193623115943E+01  0.947400268099E-01  0.797837571550E-02
  0.113705889809E+03  0.150000000000E+01  0.193544514914E+01  0.948006731054E-01  0.798859344110E-02
  0.113975178543E+03  0.150000000000E+01  0.193415004519E+01  0.948614030884E-01  0.799883181858E-02
  0.114263682590E+03  0.150000000000E+01  0.193153436304E+01  0.948770291446E-01  0.800146725271E-02
  0.114537678232E+03  0.150000000000E+01  0.192861417937E+01  0.948710900755E-01  0.800046553965E-02
  0.114818958238E+03  0.150000000000E+01  0.192520402455E+01  0.948485814855E-01  0.799666969762E-02
  0.115085528204E+03  0.150000000000E+01  0.192066008440E+01  0.948926795032E-01  0.800410722071E-02
  0.115351949583E+03  0.150000000000E+01  0.191648006677E+01  0.949444002929E-01  0.801283479732E-02
  0.115612810157E+03  0.150000000000E+01  0.191420519300E+01  0.950136739022E-01  0.802453175857E-02
  0.115813332492E+03  0.150000000000E+01  0.191228945933E+01  0.950551434979E-01  0.803153804926E-02
  0.116002220526E+03  0.150000000000E+01  0.191055485626E+01  0.950538769238E-01  0.803132401622E-02
  0.116201317751E+03  0.150000000000E+01  0.191012348261E+01  0.950158757617E-01  0.802490368601E-02
  0.116421226082E+03  0.150000000000E+01  0.191019560356E+01  0.949815580939E-01  0.801910789151E-02
  0.116661198985E+03  0.150000000000E+01  0.190944199038E+01  0.949710531458E-01  0.801733416500E-02
  0.116888191231E+03  0.150000000000E+01  0.190772679770E+01  0.949968715327E-01  0.802169386756E-02
  0.117128255103E+03  0.150000000000E+01  0.190659433033E+01  0.950754006912E-01  0.803496161474E-02
  0.117362648389E+03  0.150000000000E+01  0.190658619280E+01  0.951756551624E-01  0.805191585387E-02
  0.117598752076E+03  0.150000000000E+01  0.190639583664E+01  0.952558951372E-01  0.806549827413E-02
  0.117858668350E+03  0.150000000000E+01  0.190505975096E+01  0.953288079056E-01  0.807785032596E-02
  0.118142309691E+03  0.150000000000E+01  0.190284325236E+01  0.953624306230E-01  0.808354948829E-02
  0.118391019418E+03  0.150000000000E+01  0.190294271564E+01  0.953629282617E-01  0.808363385479E-02
  0.118616643754E+03  0.150000000000E+01  0.190450514674E+01  0.953914131701E-01  0.808846373919E-02
  0.118860929598E+03  0.150000000000E+01  0.190638220391E+01  0.954176569602E-01  0.809291489757E-02
  0.119121627792E+03  0.150000000000E+01  0.190710964950E+01  0.954116998763E-01  0.809190442070E-02
  0.119387603321E+03  0.150000000000E+01  0.190803353760E+01  0.954001901102E-01  0.808995224272E-02
  0.119671196180E+03  0.150000000000E+01  0.190940327726E+01  0.953906897618E-01  0.808834106065E-02
  0.119921202256E+03  0.150000000000E+01  0.190951529712E+01  0.953870705990E-01  0.808772732219E-02
  0.120145214385E+03  0.150000000000E+01  0.190896607141E+01  0.953965929844E-01  0.808934218047E-02
  0.120329137965E+03  0.150000000000E+01  0.190845703204E+01  0.954049155461E-01  0.809075369810E-02
  0.120523626044E+03  0.150000000000E+01  0.190832005383E+01  0.954457203010E-01  0.809767602113E-02
  0.120739287545E+03  0.150000000000E+01  0.190868956870E+01  0.955182823096E-01  0.810999311590E-02
  0.120970653978E+03  0.150000000000E+01  0.190898768477E+01  0.955551209222E-01  0.811624989729E-02
  0.121222566173E+03  0.150000000000E+01  0.190949992830E+01  0.955399246170E-01  0.811366861851E-02
  0.121493080340E+03  0.150000000000E+01  0.191087725552E+01  0.955126983025E-01  0.810904492180E-02
  0.121763891643E+03  0.150000000000E+01  0.191196718180E+01  0.955021167371E-01  0.810724826779E-02
  0.122001933676E+03  0.150000000000E+01  0.191195909200E+01  0.954626398848E-01  0.810054721225E-02
  0.122258751402E+03  0.150000000000E+01  0.191210910749E+01  0.954011585528E-01  0.809011649175E-02
  0.122517586098E+03  0.150000000000E+01  0.191240384279E+01  0.953378715458E-01  0.807938644522E-02
  0.122784786735E+03  0.150000000000E+01  0.191183818012E+01  0.953140026034E-01  0.807534141537E-02
  0.123079113130E+03  0.150000000000E+01  0.191156903825E+01  0.952869953401E-01  0.807076576084E-02
  0.123397018902E+03  0.150000000000E+01  0.191330845629E+01  0.951758616702E-01  0.805195079525E-02
  0.123706833534E+03  0.150000000000E+01  0.191593302122E+01  0.950807030691E-01  0.803585786322E-02
  0.124016648167E+03  0.150000000000E+01  0.191677855130E+01  0.950043362297E-01  0.802295457995E-02
  0.124304867254E+03  0.150000000000E+01  0.191542706229E+01  0.950075018905E-01  0.802348925821E-02
  0.124572244694E+03  0.150000000000E+01  0.191402577471E+01  0.949893306765E-01  0.802042039321E-02
  0.124810000948E+03  0.150000000000E+01  0.191285411827E+01  0.949768031755E-01  0.801830501462E-02
  0.125070722228E+03  0.150000000000E+01  0.191224594028E+01  0.949893937933E-01  0.802043105176E-02
  0.125345862453E+03  0.150000000000E+01  0.191268291520E+01  0.949597893695E-01  0.801543253076E-02
  0.125632306339E+03  0.150000000000E+01  0.191307111979E+01  0.949380534446E-01  0.801176354831E-02
  0.125930199487E+03  0.150000000000E+01  0.191436842420E+01  0.949602059381E-01  0.801550285494E-02
  0.126253332206E+03  0.150000000000E+01  0.191655530082E+01  0.949723168519E-01  0.801754752730E-02
  0.126546069669E+03  0.150000000000E+01  0.191833104146E+01  0.950361874193E-01  0.802833503929E-02
  0.126804995191E+03  0.150000000000E+01  0.192015875492E+01  0.951272680334E-01  0.804373077644E-02
  0.127091026264E+03  0.150000000000E+01  0.192266585791E+01  0.952684509535E-01  0.806762466407E-02
  0.127380106954E+03  0.150000000000E+01  0.192341177010E+01  0.954937390785E-01  0.810582595839E-02
  0.127617189888E+03  0.150000000000E+01  0.192312582275E+01  0.955840782540E-01  0.812116979170E-02
  0.127848606651E+03  0.150000000000E+01  0.192296983373E+01  0.956401539400E-01  0.813070137393E-02
  0.128094352276E+03  0.150000000000E+01  0.192304331922E+01  0.957137581279E-01  0.814322088441E-02
  0.128350907394E+03  0.150000000000E+01  0.192367354688E+01  0.957540971552E-01  0.815008633068E-02
  0.128590494159E+03  0.150000000000E+01  0.192378704868E+01  0.957593352958E-01  0.815097804116E-02
  0.128815006238E+03  0.150000000000E+01  0.192305241264E+01  0.958318316184E-01  0.816332440119E-02
  0.129036126871E+03  0.150000000000E+01  0.192306106104E+01  0.959102670507E-01  0.817669273399E-02
  0.129252874250E+03  0.150000000000E+01  0.192365166105E+01  0.959196673775E-01  0.817829563538E-02
  0.129490941899E+03  0.150000000000E+01  0.192442544818E+01  0.958968538572E-01  0.817440584864E-02
  0.129724230042E+03  0.150000000000E+01  0.192432894714E+01  0.958610751200E-01  0.816830730948E-02
  0.129936070150E+03  0.150000000000E+01  0.192463572938E+01  0.958011874325E-01  0.815810445643E-02
  0.130131343036E+03  0.150000000000E+01  0.192586962680E+01  0.956764551150E-01  0.813687472299E-02
  0.130337941809E+03  0.150000000000E+01  0.192814107800E+01  0.955611775546E-01  0.811727880500E-02
  0.130566518269E+03  0.150000000000E+01  0.192995103832E+01  0.955377428764E-01  0.811329805681E-02
  0.130794379461E+03  0.150000000000E+01  0.193045825022E+01  0.955455156779E-01  0.811461828103E-02
  0.131038491259E+03  0.150000000000E+01  0.193079841209E+01  0.954498314998E-01  0.809837362964E-02
  0.131302280663E+03  0.150000000000E+01  0.193164020484E+01  0.953230255734E-01  0.807687040397E-02
  0.131554566962E+03  0.150000000000E+01  0.193300493119E+01  0.951805095585E-01  0.805273724429E-02
  0.131832466048E+03  0.150000000000E+01  0.193300411192E+01  0.950305723306E-01  0.802738637998E-02
  0.132110365133E+03  0.150000000000E+01  0.193100965072E+01  0.949518931950E-01  0.801409957450E-02
  0.132399086576E+03  0.150000000000E+01  0.192941983668E+01  0.949113417924E-01  0.800725582296E-02
  0.132698751286E+03  0.150000000000E+01  0.192907809588E+01  0.948748923859E-01  0.800110684910E-02
  0.132966333363E+03  0.150000000000E+01  0.192885136317E+01  0.948348592665E-01  0.799435602853E-02
  0.133213367062E+03  0.150000000000E+01  0.192814449904E+01  0.948120060467E-01  0.799050354719E-02
  0.133456641820E+03  0.150000000000E+01  0.192739614314E+01  0.947811618921E-01  0.798530546632E-02
  0.133722565668E+03  0.150000000000E+01  0.192886735314E+01  0.947128422567E-01  0.797379776741E-02
  0.134004699677E+03  0.150000000000E+01  0.193042332641E+01  0.946535138163E-01  0.796381126912E-02
  0.134299062403E+03  0.150000000000E+01  0.193041463946E+01  0.945993731695E-01  0.795470347028E-02
  0.134577984791E+03  0.150000000000E+01  0.192970505381E+01  0.945918760553E-01  0.795344268059E-02
  0.134829276122E+03  0.150000000000E+01  0.193022129354E+01  0.946044070050E-01  0.795555006646E-02
  0.135058686708E+03  0.150000000000E+01  0.193081866287E+01  0.946264402778E-01  0.795925617747E-02
  0.135259134344E+03  0.150000000000E+01  0.193180755040E+01  0.946316482145E-01  0.796013230560E-02
  0.135470230996E+03  0.150000000000E+01  0.193265174554E+01  0.946641575289E-01  0.796560241836E-02
  0.135704308714E+03  0.150000000000E+01  0.193349393530E+01  0.947392793077E-01  0.797824981665E-02
  0.135963869062E+03  0.150000000000E+01  0.193428375177E+01  0.947805489075E-01  0.798520217885E-02
  0.136243457961E+03  0.150000000000E+01  0.193422921430E+01  0.948178533016E-01  0.799148915976E-02
  0.136535995621E+03  0.150000000000E+01  0.193419867434E+01  0.947993947730E-01  0.798837799940E-02
  0.136829396085E+03  0.150000000000E+01  0.193540074180E+01  0.946987680243E-01  0.797142814695E-02
  0.137077417413E+03  0.150000000000E+01  0.193542372741E+01  0.945935770598E-01  0.795372872975E-02
  0.137340504467E+03  0.150000000000E+01  0.193563711605E+01  0.945280633404E-01  0.794271534122E-02
  0.137632226296E+03  0.150000000000E+01  0.193652720482E+01  0.944921861784E-01  0.793668733224E-02
  0.137935853496E+03  0.150000000000E+01  0.193721647785E+01  0.945186922725E-01  0.794114061236E-02
  0.138245301487E+03  0.150000000000E+01  0.193813510703E+01  0.946391602775E-01  0.796139614048E-02
  0.138556600147E+03  0.150000000000E+01  0.193867006183E+01  0.947763625309E-01  0.798449679518E-02
  0.138836618627E+03  0.150000000000E+01  0.193789765363E+01  0.948629245560E-01  0.799908840473E-02
  0.139102708632E+03  0.150000000000E+01  0.193714734274E+01  0.949567503011E-01  0.801491949133E-02
  0.139358466562E+03  0.150000000000E+01  0.193724261146E+01  0.950532910466E-01  0.803122501226E-02
  0.139627022051E+03  0.150000000000E+01  0.193636413916E+01  0.951257177936E-01  0.804346860956E-02
  0.139917795301E+03  0.150000000000E+01  0.193368829002E+01  0.951514876324E-01  0.804782719881E-02
  0.140174640118E+03  0.150000000000E+01  0.193012807947E+01  0.951458492798E-01  0.804687345349E-02
  0.140426470514E+03  0.150000000000E+01  0.192524560396E+01  0.950946433989E-01  0.803821440282E-02
  0.140691159749E+03  0.150000000000E+01  0.191967962269E+01  0.950344151092E-01  0.802803560458E-02
  0.140953778956E+03  0.150000000000E+01  0.191706304855E+01  0.949442908110E-01  0.801281631788E-02
  0.141196323801E+03  0.150000000000E+01  0.191732331698E+01  0.948372810393E-01  0.799476433327E-02
  0.141452246337E+03  0.150000000000E+01  0.191758984200E+01  0.947908580114E-01  0.798693934447E-02
  0.141683268330E+03  0.150000000000E+01  0.191793391915E+01  0.948528847977E-01  0.799739533729E-02
  0.141936056914E+03  0.150000000000E+01  0.191886613699E+01  0.948930305405E-01  0.800416644015E-02
  0.142180811366E+03  0.150000000000E+01  0.192054023680E+01  0.948815016752E-01  0.800222165346E-02
  0.142407649231E+03  0.150000000000E+01  0.192248494418E+01  0.948568988953E-01  0.799807223825E-02
  0.142650574796E+03  0.150000000000E+01  0.192413437688E+01  0.948401226234E-01  0.799524343042E-02
  0.142894028035E+03  0.150000000000E+01  0.192625099220E+01  0.948550647971E-01  0.799776294904E-02
  0.143132231611E+03  0.150000000000E+01  0.192925060522E+01  0.948810836929E-01  0.800215114911E-02
  0.143384166183E+03  0.150000000000E+01  0.193120987589E+01  0.949575235113E-01  0.801505001903E-02
  0.143649398329E+03  0.150000000000E+01  0.193195933354E+01  0.950397172215E-01  0.802893142181E-02
  0.143902166237E+03  0.150000000000E+01  0.193405449327E+01  0.950273015767E-01  0.802683381773E-02
  0.144098735363E+03  0.150000000000E+01  0.193621879996E+01  0.949838254469E-01  0.801949075247E-02
  0.144298675228E+03  0.150000000000E+01  0.193803434551E+01  0.949398503158E-01  0.801206682487E-02
  0.144498721626E+03  0.150000000000E+01  0.193896777589E+01  0.949050334005E-01  0.800619143534E-02
  0.144716681731E+03  0.150000000000E+01  0.193951003194E+01  0.948672710316E-01  0.799982143377E-02
  0.144957227226E+03  0.150000000000E+01  0.193919181148E+01  0.948126344120E-01  0.799060946146E-02
  0.145201911227E+03  0.150000000000E+01  0.193892835525E+01  0.947850412627E-01  0.798595915304E-02
  0.145443196251E+03  0.150000000000E+01  0.193871933498E+01  0.947838946486E-01  0.798576594201E-02
  0.145683417049E+03  0.150000000000E+01  0.193731426480E+01  0.948339385690E-01  0.799420080401E-02
  0.145915672351E+03  0.150000000000E+01  0.193430433583E+01  0.949003459259E-01  0.800540058388E-02
  0.146148779208E+03  0.150000000000E+01  0.193135449553E+01  0.949191273295E-01  0.800856954043E-02
  0.146407259154E+03  0.150000000000E+01  0.192930835724E+01  0.949307353017E-01  0.801052844882E-02
  0.146678366345E+03  0.150000000000E+01  0.192862431492E+01  0.948600157641E-01  0.799859785845E-02
  0.146953824061E+03  0.150000000000E+01  0.192849517020E+01  0.947352762546E-01  0.797757561514E-02
  0.147236062499E+03  0.150000000000E+01  0.192741765204E+01  0.946469228702E-01  0.796270223003E-02
  0.147500822555E+03  0.150000000000E+01  0.192595016557E+01  0.946469867250E-01  0.796271297434E-02
  0.147774293229E+03  0.150000000000E+01  0.192523802284E+01  0.946389370988E-01  0.796135859129E-02
  0.148006979487E+03  0.150000000000E+01  0.192591030558E+01  0.946343646430E-01  0.796058930791E-02
  0.148207853174E+03  0.150000000000E+01  0.192726513178E+01  0.946489362966E-01  0.796304101518E-02
  0.148429854878E+03  0.150000000000E+01  0.192965088167E+01  0.946826154793E-01  0.796870904356E-02
  0.148646794359E+03  0.150000000000E+01  0.193237976266E+01  0.946919913438E-01  0.797028731080E-02
  0.148819283787E+03  0.150000000000E+01  0.193431119962E+01  0.947091178647E-01  0.797317067264E-02
  0.149002664682E+03  0.150000000000E+01  0.193630102541E+01  0.947566904597E-01  0.798118256612E-02
  0.149205770641E+03  0.150000000000E+01  0.193879093797E+01  0.948406031400E-01  0.799532444796E-02
  0.149416346391E+03  0.150000000000E+01  0.194178420520E+01  0.949051207999E-01  0.800620618137E-02
  0.149646053428E+03  0.150000000000E+01  0.194478949022E+01  0.949500259071E-01  0.801378437312E-02
  0.149897832406E+03  0.150000000000E+01  0.194626773549E+01  0.949774364287E-01  0.801841193828E-02
  0.150119317186E+03  0.150000000000E+01  0.194644139174E+01  0.949885302450E-01  0.802028522498E-02
  0.150359232005E+03  0.150000000000E+01  0.194512403773E+01  0.949903308758E-01  0.802058929769E-02
  0.150596472240E+03  0.150000000000E+01  0.194202964108E+01  0.949825102350E-01  0.801926866715E-02
  0.150825490602E+03  0.150000000000E+01  0.193941104133E+01  0.949979161851E-01  0.802187029289E-02
  0.151074308904E+03  0.150000000000E+01  0.193684145428E+01  0.950668139025E-01  0.803351031607E-02
  0.151320075680E+03  0.150000000000E+01  0.193440521959E+01  0.951402819525E-01  0.804593177777E-02
  0.151560641528E+03  0.150000000000E+01  0.193344771358E+01  0.952299499091E-01  0.806110520862E-02
  0.151818816130E+03  0.150000000000E+01  0.193343159833E+01  0.953015404617E-01  0.807322987944E-02
  0.152095258700E+03  0.150000000000E+01  0.193389779797E+01  0.952664724614E-01  0.806728957798E-02
  0.152393780246E+03  0.150000000000E+01  0.193443843843E+01  0.952460426710E-01  0.806382990620E-02
  0.152650283169E+03  0.150000000000E+01  0.193500841152E+01  0.953045031458E-01  0.807373183988E-02
  0.152889491001E+03  0.150000000000E+01  0.193494851966E+01  0.953744712796E-01  0.808559090832E-02
  0.153103481561E+03  0.150000000000E+01  0.193556278099E+01  0.954793485826E-01  0.810338311623E-02
  0.153293987574E+03  0.150000000000E+01  0.193723289192E+01  0.955450137896E-01  0.811453303115E-02
  0.153502408647E+03  0.150000000000E+01  0.193945228750E+01  0.955498778059E-01  0.811535924332E-02
  0.153725292891E+03  0.150000000000E+01  0.194175052136E+01  0.955516838707E-01  0.811566603603E-02
  0.153963172135E+03  0.150000000000E+01  0.194409334361E+01  0.955754709558E-01  0.811970724304E-02
  0.154171358497E+03  0.150000000000E+01  0.194578276761E+01  0.956248210796E-01  0.812809458357E-02
  0.154391348136E+03  0.150000000000E+01  0.194708673705E+01  0.956662823973E-01  0.813514452242E-02
  0.154635270661E+03  0.150000000000E+01  0.194852610007E+01  0.957210731519E-01  0.814446564031E-02
  0.154897373372E+03  0.150000000000E+01  0.194975251303E+01  0.957316283336E-01  0.814626192302E-02
  0.155172067587E+03  0.150000000000E+01  0.195000101086E+01  0.956988909896E-01  0.814069132145E-02
  0.155438523108E+03  0.150000000000E+01  0.194966112967E+01  0.956138333361E-01  0.812622677798E-02
  0.155717552027E+03  0.150000000000E+01  0.194913071129E+01  0.955924757297E-01  0.812259681435E-02
  0.155974190599E+03  0.150000000000E+01  0.194819795488E+01  0.956144771408E-01  0.812633621237E-02
  0.156226831975E+03  0.150000000000E+01  0.194741498264E+01  0.956524537801E-01  0.813279281259E-02
  0.156478442780E+03  0.150000000000E+01  0.194588098984E+01  0.957119432661E-01  0.814291207447E-02
  0.156741652899E+03  0.150000000000E+01  0.194287638962E+01  0.957639527331E-01  0.815176412718E-02
  0.157000991248E+03  0.150000000000E+01  0.193831772603E+01  0.957575210527E-01  0.815066918948E-02
  0.157239501382E+03  0.150000000000E+01  0.193508249694E+01  0.956883816388E-01  0.813890344947E-02
  0.157466211952E+03  0.150000000000E+01  0.193348668006E+01  0.956104807545E-01  0.812565691565E-02
  0.157716617239E+03  0.150000000000E+01  0.193200864448E+01  0.955543130278E-01  0.811611265620E-02
  0.157974671554E+03  0.150000000000E+01  0.193129101849E+01  0.955038524635E-01  0.810754296477E-02
  0.158239608658E+03  0.150000000000E+01  0.193032211946E+01  0.954450900085E-01  0.809756907265E-02
  0.158483374509E+03  0.150000000000E+01  0.192782343055E+01  0.954560203863E-01  0.809942384710E-02
  0.158698019093E+03  0.150000000000E+01  0.192549799239E+01  0.955263223139E-01  0.811135844873E-02
  0.158927540999E+03  0.150000000000E+01  0.192485500000E+01  0.955978940564E-01  0.812351764269E-02
  0.159177215565E+03  0.150000000000E+01  0.192465755995E+01  0.956728584021E-01  0.813626296429E-02
  0.159436840388E+03  0.150000000000E+01  0.192578700366E+01  0.957333855997E-01  0.814656099412E-02
  0.159706547845E+03  0.150000000000E+01  0.192705290492E+01  0.957821073010E-01  0.815485518136E-02
  0.159968681058E+03  0.150000000000E+01  0.192866320575E+01  0.958095002399E-01  0.815952029886E-02
  0.160210005463E+03  0.150000000000E+01  0.193098710757E+01  0.958384108834E-01  0.816444533392E-02
  0.160443004760E+03  0.150000000000E+01  0.193271759257E+01  0.958984395305E-01  0.817467618168E-02
  0.160696868335E+03  0.150000000000E+01  0.193431456832E+01  0.959231639939E-01  0.817889190275E-02
  0.160929784385E+03  0.150000000000E+01  0.193555864113E+01  0.958713104769E-01  0.817005170894E-02
  0.161144334179E+03  0.150000000000E+01  0.193556126643E+01  0.957907458509E-01  0.815632621392E-02
  0.161358123794E+03  0.150000000000E+01  0.193504288914E+01  0.956877423954E-01  0.813879470642E-02
  0.161538387673E+03  0.150000000000E+01  0.193397389676E+01  0.956478323558E-01  0.813200696388E-02
  0.161734723955E+03  0.150000000000E+01  0.193301292814E+01  0.956494030284E-01  0.813227404417E-02
  0.161927047511E+03  0.150000000000E+01  0.193249188856E+01  0.956762389426E-01  0.813683795396E-02
  0.162095155076E+03  0.150000000000E+01  0.193267155945E+01  0.957129871086E-01  0.814308969000E-02
  0.162265072168E+03  0.150000000000E+01  0.193382246749E+01  0.957107406560E-01  0.814270744615E-02
  0.162452832425E+03  0.150000000000E+01  0.193531951946E+01  0.956651459360E-01  0.813495124174E-02
  0.162661029685E+03  0.150000000000E+01  0.193724692746E+01  0.956024419720E-01  0.812429058757E-02
  0.162878827358E+03  0.150000000000E+01  0.193870121959E+01  0.955088157791E-01  0.810838568135E-02
  0.163092444852E+03  0.150000000000E+01  0.193972538118E+01  0.953838205921E-01  0.808717620510E-02
  0.163323154804E+03  0.150000000000E+01  0.194216208697E+01  0.952666644363E-01  0.806732209140E-02
  0.163570700488E+03  0.150000000000E+01  0.194513685071E+01  0.951969206718E-01  0.805551440480E-02
  0.163804701541E+03  0.150000000000E+01  0.194756981786E+01  0.951321401891E-01  0.804455475286E-02
  0.164046821649E+03  0.150000000000E+01  0.194932362742E+01  0.950618679336E-01  0.803267443114E-02
  0.164311212521E+03  0.150000000000E+01  0.194910764033E+01  0.950148334528E-01  0.802472762317E-02
  0.164565930849E+03  0.150000000000E+01  0.194710237689E+01  0.950156257559E-01  0.802486145580E-02
  0.164823495111E+03  0.150000000000E+01  0.194389792824E+01  0.950358280396E-01  0.802827432103E-02
  0.165036539547E+03  0.150000000000E+01  0.194124620132E+01  0.950347923405E-01  0.802809933795E-02
  0.165259807263E+03  0.150000000000E+01  0.193779129235E+01  0.950263824002E-01  0.802667853518E-02
  0.165494701489E+03  0.150000000000E+01  0.193252203956E+01  0.950195093616E-01  0.802551747495E-02
  0.165745350050E+03  0.150000000000E+01  0.192604705682E+01  0.950403563608E-01  0.802903941083E-02
  0.166013155910E+03  0.150000000000E+01  0.192157676305E+01  0.950306722792E-01  0.802740326563E-02
  0.166260115790E+03  0.150000000000E+01  0.191966414715E+01  0.950203430200E-01  0.802565830013E-02
  0.166506973327E+03  0.150000000000E+01  0.191792561044E+01  0.950721494141E-01  0.803441208375E-02
  0.166755703723E+03  0.150000000000E+01  0.191636038324E+01  0.952122327080E-01  0.805810600644E-02
  0.167004434119E+03  0.150000000000E+01  0.191429963052E+01  0.954263976277E-01  0.809439765706E-02
  0.167245662314E+03  0.150000000000E+01  0.191160802925E+01  0.955873490288E-01  0.812172559498E-02
  0.167504327691E+03  0.150000000000E+01  0.191017002695E+01  0.956974222400E-01  0.814044144300E-02
  0.167784644441E+03  0.150000000000E+01  0.190868223792E+01  0.957706651130E-01  0.815290692995E-02
  0.168055723673E+03  0.150000000000E+01  0.190910126835E+01  0.958150008251E-01  0.816045722943E-02
  0.168285826598E+03  0.150000000000E+01  0.190926306983E+01  0.958859706682E-01  0.817255055199E-02
  0.168525428446E+03  0.150000000000E+01  0.190673425854E+01  0.959126386056E-01  0.817709710603E-02
  0.168785381580E+03  0.150000000000E+01  0.190298795757E+01  0.958160218989E-01  0.816063115781E-02
  0.169059491450E+03  0.150000000000E+01  0.189967913675E+01  0.956964027887E-01  0.814026800595E-02
  0.169285613341E+03  0.150000000000E+01  0.189816937412E+01  0.956061154278E-01  0.812491493972E-02
  0.169457250600E+03  0.150000000000E+01  0.189720272156E+01  0.955568651954E-01  0.811654620975E-02
  0.169645525397E+03  0.150000000000E+01  0.189673307029E+01  0.955009537504E-01  0.810705081531E-02
  0.169854289061E+03  0.150000000000E+01  0.189666790986E+01  0.954320564119E-01  0.809535768089E-02
  0.170085771017E+03  0.150000000000E+01  0.189687870807E+01  0.953612579743E-01  0.808335068662E-02
  0.170342443249E+03  0.150000000000E+01  0.189763223412E+01  0.952829561464E-01  0.807008153955E-02
  0.170617661735E+03  0.150000000000E+01  0.189925981643E+01  0.951822457433E-01  0.805303102644E-02
  0.170884050378E+03  0.150000000000E+01  0.189980874183E+01  0.951182435181E-01  0.804220466664E-02
  0.171153429314E+03  0.150000000000E+01  0.189935371909E+01  0.950802879567E-01  0.803578769594E-02
  0.171386132216E+03  0.150000000000E+01  0.189763980059E+01  0.950855502242E-01  0.803667721017E-02
  0.171632560442E+03  0.150000000000E+01  0.189633889655E+01  0.951464550963E-01  0.804697592657E-02
  0.171902720887E+03  0.150000000000E+01  0.189490855502E+01  0.952454582889E-01  0.806373095525E-02
  0.172155203097E+03  0.150000000000E+01  0.189299569455E+01  0.953516904840E-01  0.808172878058E-02
  0.172411261618E+03  0.150000000000E+01  0.189335855842E+01  0.954595126529E-01  0.810001649416E-02
  0.172682911059E+03  0.150000000000E+01  0.189297610344E+01  0.955609056084E-01  0.811723260506E-02
  0.172925612814E+03  0.150000000000E+01  0.189168034858E+01  0.956368634603E-01  0.813014191335E-02
  0.173154713035E+03  0.150000000000E+01  0.189108331653E+01  0.957404841018E-01  0.814776915205E-02
  0.173371383505E+03  0.150000000000E+01  0.189160331432E+01  0.958317982719E-01  0.816331872003E-02
  0.173576276859E+03  0.150000000000E+01  0.189236981232E+01  0.959136415837E-01  0.817726812609E-02
  0.173797863395E+03  0.150000000000E+01  0.189329459135E+01  0.960095057650E-01  0.819362239755E-02
  0.174042236930E+03  0.150000000000E+01  0.189441616463E+01  0.961072914543E-01  0.821032130727E-02
  0.174313024549E+03  0.150000000000E+01  0.189463424574E+01  0.960935244752E-01  0.820796928540E-02
  0.174597128227E+03  0.150000000000E+01  0.189286074642E+01  0.959947799148E-01  0.819110912968E-02
  0.174879163855E+03  0.150000000000E+01  0.188976261048E+01  0.959866907812E-01  0.818972871745E-02
  0.175137592469E+03  0.150000000000E+01  0.188677969969E+01  0.959807937320E-01  0.818872245816E-02
  0.175391458840E+03  0.150000000000E+01  0.188482522398E+01  0.959539816550E-01  0.818414808484E-02
  0.175645325211E+03  0.150000000000E+01  0.188374521293E+01  0.958668111984E-01  0.816928487943E-02
  0.175910687210E+03  0.150000000000E+01  0.188417189587E+01  0.958721686550E-01  0.817019797565E-02
  0.176190680009E+03  0.150000000000E+01  0.188531064919E+01  0.959707414682E-01  0.818700730484E-02
  0.176442573806E+03  0.150000000000E+01  0.188716751584E+01  0.960800671470E-01  0.820567049153E-02
  0.176645695966E+03  0.150000000000E+01  0.188852690834E+01  0.961183930626E-01  0.821221820883E-02
  0.176853794332E+03  0.150000000000E+01  0.189049727177E+01  0.961053298867E-01  0.820998616234E-02
  0.177077311393E+03  0.150000000000E+01  0.189257685659E+01  0.960597850405E-01  0.820220649068E-02
  0.177324486539E+03  0.150000000000E+01  0.189436226145E+01  0.960299512109E-01  0.819711247073E-02
  0.177578644295E+03  0.150000000000E+01  0.189562905008E+01  0.959592741056E-01  0.818505092166E-02
  0.177846612176E+03  0.150000000000E+01  0.189756898578E+01  0.958280039063E-01  0.816267229571E-02
  0.178127327865E+03  0.150000000000E+01  0.190144859781E+01  0.957143565424E-01  0.814332270963E-02
  0.178375735376E+03  0.150000000000E+01  0.190437841815E+01  0.956298450441E-01  0.812894867836E-02
  0.178606395259E+03  0.150000000000E+01  0.190642306774E+01  0.955425130044E-01  0.811410825884E-02
  0.178860042580E+03  0.150000000000E+01  0.190745254252E+01  0.954552407281E-01  0.809929153996E-02
  0.179136283856E+03  0.150000000000E+01  0.190881005860E+01  0.953391539310E-01  0.807960379758E-02
  0.179366490138E+03  0.150000000000E+01  0.191011897068E+01  0.952670354227E-01  0.806738492287E-02
  0.179602246366E+03  0.150000000000E+01  0.191079921402E+01  0.952110147833E-01  0.805789985428E-02
  0.179826449131E+03  0.150000000000E+01  0.191068157853E+01  0.951602566258E-01  0.804931061431E-02
  0.180043930168E+03  0.150000000000E+01  0.191114312443E+01  0.951126126380E-01  0.804125251806E-02
  0.180284638710E+03  0.150000000000E+01  0.191359711132E+01  0.950619567524E-01  0.803268944142E-02
  0.180531462250E+03  0.150000000000E+01  0.191566339141E+01  0.950811205942E-01  0.803592843862E-02
  0.180801578462E+03  0.150000000000E+01  0.191636806064E+01  0.950955604488E-01  0.803836943740E-02
  0.181068684893E+03  0.150000000000E+01  0.191758805713E+01  0.950999096206E-01  0.803910471986E-02
  0.181353497576E+03  0.150000000000E+01  0.191884015075E+01  0.951026021304E-01  0.803955993952E-02
  0.181595535843E+03  0.150000000000E+01  0.191978140346E+01  0.951180407842E-01  0.804217038455E-02
  0.181812897586E+03  0.150000000000E+01  0.192000899179E+01  0.951273492423E-01  0.804374451010E-02
  0.182006007568E+03  0.150000000000E+01  0.191962560394E+01  0.951155512214E-01  0.804174940813E-02
  0.182211383911E+03  0.150000000000E+01  0.191900280721E+01  0.950865481821E-01  0.803684590683E-02
  0.182439112714E+03  0.150000000000E+01  0.191819456722E+01  0.950869902107E-01  0.803692062874E-02
  0.182680221996E+03  0.150000000000E+01  0.191691752859E+01  0.951436181809E-01  0.804649607160E-02
  0.182932941068E+03  0.150000000000E+01  0.191587041026E+01  0.951752456055E-01  0.805184655650E-02
  0.183211447470E+03  0.150000000000E+01  0.191387130134E+01  0.951425590610E-01  0.804631692861E-02
  0.183468751451E+03  0.150000000000E+01  0.191086597369E+01  0.951059826081E-01  0.804013149142E-02
