  0.500000000000E-02  0.500247500000E+00  0.711131212578E+00  0.341278890482E-01  0.930848480632E-02
  0.100000000000E-01  0.500497500000E+00  0.711385704083E+00  0.345564565587E-01  0.953420700811E-02
  0.150000000000E-01  0.500747500000E+00  0.711640452223E+00  0.348816588160E-01  0.970480192584E-02
  0.200000000000E-01  0.500997500000E+00  0.711895408125E+00  0.351535979023E-01  0.984687534037E-02
  0.250000000000E-01  0.501247500000E+00  0.712150543634E+00  0.353915815199E-01  0.997069649647E-02
  0.300000000000E-01  0.501497500000E+00  0.712405839779E+00  0.356054890512E-01  0.100815280202E-01
  0.350000000000E-01  0.501747500000E+00  0.712661282652E+00  0.358011803716E-01  0.101824961008E-01
  0.400000000000E-01  0.501997500000E+00  0.712916861484E+00  0.359824690922E-01  0.102756383063E-01
  0.450000000000E-01  0.502247500000E+00  0.713172567618E+00  0.361520016318E-01  0.103623706914E-01
  0.500000000000E-01  0.502497500000E+00  0.713428393896E+00  0.363117032454E-01  0.104437249571E-01
  0.550000000000E-01  0.502747500000E+00  0.713684334273E+00  0.364630262770E-01  0.105204805350E-01
  0.600000000000E-01  0.502997500000E+00  0.713940383555E+00  0.366070982955E-01  0.105932434545E-01
  0.650000000000E-01  0.503247500000E+00  0.714196537214E+00  0.367448154375E-01  0.106624960707E-01
  0.700000000000E-01  0.503497500000E+00  0.714452791263E+00  0.368769038600E-01  0.107286298231E-01
  0.750000000000E-01  0.503747500000E+00  0.714709142149E+00  0.370039616860E-01  0.107919676101E-01
  0.800000000000E-01  0.503997500000E+00  0.714965586685E+00  0.371264885153E-01  0.108527795410E-01
  0.850000000000E-01  0.504247500000E+00  0.715222121991E+00  0.372449067295E-01  0.109112943141E-01
  0.900000000000E-01  0.504497500000E+00  0.715478745446E+00  0.373595772173E-01  0.109677076212E-01
  0.950000000000E-01  0.504747500000E+00  0.715735454650E+00  0.374708112091E-01  0.110221884765E-01
  0.100000000000E+00  0.504997500000E+00  0.715992247401E+00  0.375788793364E-01  0.110748840638E-01
  0.105000000000E+00  0.505247500000E+00  0.716249121662E+00  0.376840186711E-01  0.111259235061E-01
  0.110000000000E+00  0.505497500000E+00  0.716506075547E+00  0.377864382709E-01  0.111754208365E-01
  0.115000000000E+00  0.505747500000E+00  0.716763107301E+00  0.378863235986E-01  0.112234773674E-01
  0.120000000000E+00  0.505997500000E+00  0.717020215284E+00  0.379838400855E-01  0.112701836022E-01
  0.125000000000E+00  0.506247500000E+00  0.717277397963E+00  0.380791360305E-01  0.113156207915E-01
  0.130000000000E+00  0.506497500000E+00  0.717534653897E+00  0.381723449819E-01  0.113598622122E-01
  0.135000000000E+00  0.506747500000E+00  0.717791981732E+00  0.382635877101E-01  0.114029742282E-01
  0.140000000000E+00  0.506997500000E+00  0.718049380188E+00  0.383529738532E-01  0.114450171750E-01
  0.145000000000E+00  0.507247500000E+00  0.718306848059E+00  0.384406033002E-01  0.114860461041E-01
  0.150000000000E+00  0.507497500000E+00  0.718564384199E+00  0.385265673611E-01  0.115261114133E-01
  0.155000000000E+00  0.507747500000E+00  0.718821987522E+00  0.386109497623E-01  0.115652593828E-01
  0.160000000000E+00  0.507997500000E+00  0.719079656997E+00  0.386938274983E-01  0.116035326347E-01
  0.165000000000E+00  0.508247500000E+00  0.719337391640E+00  0.387752715645E-01  0.116409705277E-01
  0.170000000000E+00  0.508497500000E+00  0.719595190515E+00  0.388553475905E-01  0.116776094999E-01
  0.175000000000E+00  0.508747500000E+00  0.719853052726E+00  0.389341163901E-01  0.117134833649E-01
  0.180000000000E+00  0.508997500000E+00  0.720110977418E+00  0.390116344408E-01  0.117486235720E-01
  0.185000000000E+00  0.509247500000E+00  0.720368963773E+00  0.390879543037E-01  0.117830594323E-01
  0.190000000000E+00  0.509497500000E+00  0.720627011005E+00  0.391631249929E-01  0.118168183192E-01
  0.195000000000E+00  0.509747500000E+00  0.720885118362E+00  0.392371923006E-01  0.118499258445E-01
  0.200000000000E+00  0.509997500000E+00  0.721143285119E+00  0.393101990855E-01  0.118824060144E-01
  0.205000000000E+00  0.510247500000E+00  0.721401510581E+00  0.393821855289E-01  0.119142813684E-01
  0.210000000000E+00  0.510497500000E+00  0.721659794079E+00  0.394531893622E-01  0.119455731027E-01
  0.215000000000E+00  0.510747500000E+00  0.721918134967E+00  0.395232460707E-01  0.119763011813E-01
  0.220000000000E+00  0.510997500000E+00  0.722176532625E+00  0.395923890760E-01  0.120064844343E-01
  0.225000000000E+00  0.511247500000E+00  0.722434986451E+00  0.396606498996E-01  0.120361406476E-01
  0.230000000000E+00  0.511497500000E+00  0.722693495866E+00  0.397280583107E-01  0.120652866425E-01
  0.235000000000E+00  0.511747500000E+00  0.722952060310E+00  0.397946424587E-01  0.120939383486E-01
  0.240000000000E+00  0.511997500000E+00  0.723210679242E+00  0.398604289941E-01  0.121221108693E-01
  0.245000000000E+00  0.512247500000E+00  0.723469352138E+00  0.399254431773E-01  0.121498185407E-01
  0.250000000000E+00  0.512497500000E+00  0.723728078489E+00  0.399897089780E-01  0.121770749866E-01
  0.255000000000E+00  0.512747500000E+00  0.723986857803E+00  0.400532491650E-01  0.122038931669E-01
  0.260000000000E+00  0.512997500000E+00  0.724245689604E+00  0.401160853890E-01  0.122302854229E-01
  0.265000000000E+00  0.513247500000E+00  0.724504573429E+00  0.401782382573E-01  0.122562635184E-01
  0.270000000000E+00  0.513497500000E+00  0.724763508829E+00  0.402397274032E-01  0.122818386771E-01
  0.275000000000E+00  0.513747500000E+00  0.725022495366E+00  0.403005715483E-01  0.123070216173E-01
  0.280000000000E+00  0.513997500000E+00  0.725281532618E+00  0.403607885613E-01  0.123318225836E-01
  0.285000000000E+00  0.514247500000E+00  0.725540620170E+00  0.404203955106E-01  0.123562513760E-01
  0.290000000000E+00  0.514497500000E+00  0.725799757623E+00  0.404794087137E-01  0.123803173769E-01
  0.295000000000E+00  0.514747500000E+00  0.726058944586E+00  0.405378437827E-01  0.124040295759E-01
  0.300000000000E+00  0.514997500000E+00  0.726318180678E+00  0.405957156657E-01  0.124273965927E-01
  0.305000000000E+00  0.515247500000E+00  0.726577465530E+00  0.406530386858E-01  0.124504266984E-01
  0.310000000000E+00  0.515497500000E+00  0.726836798781E+00  0.407098265770E-01  0.124731278354E-01
  0.315000000000E+00  0.515747500000E+00  0.727096180078E+00  0.407660925171E-01  0.124955076353E-01
  0.320000000000E+00  0.515997500000E+00  0.727355609078E+00  0.408218491591E-01  0.125175734361E-01
  0.325000000000E+00  0.516247500000E+00  0.727615085447E+00  0.408771086596E-01  0.125393322981E-01
  0.330000000000E+00  0.516497500000E+00  0.727874608859E+00  0.409318827056E-01  0.125607910186E-01
  0.335000000000E+00  0.516747500000E+00  0.728134178993E+00  0.409861825394E-01  0.125819561454E-01
  0.340000000000E+00  0.516997500000E+00  0.728393795538E+00  0.410400189818E-01  0.126028339898E-01
  0.345000000000E+00  0.517247500000E+00  0.728653458191E+00  0.410934024541E-01  0.126234306387E-01
  0.350000000000E+00  0.517497500000E+00  0.728913166653E+00  0.411463429978E-01  0.126437519655E-01
  0.355000000000E+00  0.517747500000E+00  0.729172920633E+00  0.411988502943E-01  0.126638036409E-01
  0.360000000000E+00  0.517997500000E+00  0.729432719846E+00  0.412509336822E-01  0.126835911425E-01
  0.365000000000E+00  0.518247500000E+00  0.729692564016E+00  0.413026021740E-01  0.127031197641E-01
  0.370000000000E+00  0.518497500000E+00  0.729952452868E+00  0.413538644719E-01  0.127223946246E-01
  0.375000000000E+00  0.518747500000E+00  0.730212386136E+00  0.414047289827E-01  0.127414206755E-01
  0.380000000000E+00  0.518997500000E+00  0.730472363560E+00  0.414552038311E-01  0.127602027094E-01
  0.385000000000E+00  0.519247500000E+00  0.730732384883E+00  0.415052968729E-01  0.127787453665E-01
  0.390000000000E+00  0.519497500000E+00  0.730992449855E+00  0.415550157077E-01  0.127970531419E-01
  0.395000000000E+00  0.519747500000E+00  0.731252558230E+00  0.416043676896E-01  0.128151303916E-01
  0.400000000000E+00  0.519997500000E+00  0.731512709769E+00  0.416533599387E-01  0.128329813389E-01
  0.405000000000E+00  0.520247500000E+00  0.731772904234E+00  0.417019993513E-01  0.128506100798E-01
  0.410000000000E+00  0.520497500000E+00  0.732033141395E+00  0.417502926092E-01  0.128680205885E-01
  0.415000000000E+00  0.520747500000E+00  0.732293421024E+00  0.417982461894E-01  0.128852167228E-01
  0.420000000000E+00  0.520997500000E+00  0.732553742900E+00  0.418458663723E-01  0.129022022283E-01
  0.425000000000E+00  0.521247500000E+00  0.732814106803E+00  0.418931592502E-01  0.129189807436E-01
  0.430000000000E+00  0.521497500000E+00  0.733074512519E+00  0.419401307349E-01  0.129355558041E-01
  0.435000000000E+00  0.521747500000E+00  0.733334959838E+00  0.419867865651E-01  0.129519308468E-01
  0.440000000000E+00  0.521997500000E+00  0.733595448552E+00  0.420331323136E-01  0.129681092133E-01
  0.445000000000E+00  0.522247500000E+00  0.733855978460E+00  0.420791733935E-01  0.129840941542E-01
  0.450000000000E+00  0.522497500000E+00  0.734116549361E+00  0.421249150648E-01  0.129998888325E-01
  0.455000000000E+00  0.522747500000E+00  0.734377161059E+00  0.421703624403E-01  0.130154963265E-01
  0.460000000000E+00  0.522997500000E+00  0.734637813361E+00  0.422155204913E-01  0.130309196336E-01
  0.465000000000E+00  0.523247500000E+00  0.734898506080E+00  0.422603940527E-01  0.130461616730E-01
  0.470000000000E+00  0.523497500000E+00  0.735159239028E+00  0.423049878288E-01  0.130612252885E-01
  0.475000000000E+00  0.523747500000E+00  0.735420012022E+00  0.423493063976E-01  0.130761132514E-01
  0.480000000000E+00  0.523997500000E+00  0.735680824883E+00  0.423933542154E-01  0.130908282631E-01
  0.485000000000E+00  0.524247500000E+00  0.735941677433E+00  0.424371356220E-01  0.131053729575E-01
  0.490000000000E+00  0.524497500000E+00  0.736202569498E+00  0.424806548440E-01  0.131197499036E-01
  0.495000000000E+00  0.524747500000E+00  0.736463500908E+00  0.425239159995E-01  0.131339616075E-01
  0.500000000000E+00  0.524997500000E+00  0.736724471493E+00  0.425669231016E-01  0.131480105147E-01
  0.505000000000E+00  0.525247500000E+00  0.736985481088E+00  0.426096800623E-01  0.131618990123E-01
  0.510000000000E+00  0.525497500000E+00  0.737246529528E+00  0.426521906959E-01  0.131756294307E-01
  0.515000000000E+00  0.525747500000E+00  0.737507616654E+00  0.426944587222E-01  0.131892040457E-01
  0.520000000000E+00  0.525997500000E+00  0.737768742307E+00  0.427364877702E-01  0.132026250802E-01
  0.525000000000E+00  0.526247500000E+00  0.738029906330E+00  0.427782813808E-01  0.132158947062E-01
  0.530000000000E+00  0.526497500000E+00  0.738291108571E+00  0.428198430097E-01  0.132290150460E-01
  0.535000000000E+00  0.526747500000E+00  0.738552348878E+00  0.428611760303E-01  0.132419881743E-01
  0.540000000000E+00  0.526997500000E+00  0.738813627101E+00  0.429022837368E-01  0.132548161194E-01
  0.545000000000E+00  0.527247500000E+00  0.739074943094E+00  0.429431693459E-01  0.132675008646E-01
  0.550000000000E+00  0.527497500000E+00  0.739336296712E+00  0.429838360004E-01  0.132800443500E-01
  0.555000000000E+00  0.527747500000E+00  0.739597687813E+00  0.430242867705E-01  0.132924484734E-01
  0.560000000000E+00  0.527997500000E+00  0.739859116254E+00  0.430645246569E-01  0.133047150920E-01
  0.565000000000E+00  0.528247500000E+00  0.740120581898E+00  0.431045525924E-01  0.133168460233E-01
  0.570000000000E+00  0.528497500000E+00  0.740382084608E+00  0.431443734445E-01  0.133288430465E-01
  0.575000000000E+00  0.528747500000E+00  0.740643624249E+00  0.431839900171E-01  0.133407079036E-01
  0.580000000000E+00  0.528997500000E+00  0.740905200687E+00  0.432234050526E-01  0.133524423004E-01
  0.585000000000E+00  0.529247500000E+00  0.741166813792E+00  0.432626212334E-01  0.133640479078E-01
  0.590000000000E+00  0.529497500000E+00  0.741428463434E+00  0.433016411845E-01  0.133755263626E-01
  0.595000000000E+00  0.529747500000E+00  0.741690149485E+00  0.433404674742E-01  0.133868792684E-01
  0.600000000000E+00  0.529997500000E+00  0.741951871819E+00  0.433791026166E-01  0.133981081970E-01
  0.605000000000E+00  0.530247500000E+00  0.742213630311E+00  0.434175490729E-01  0.134092146889E-01
  0.610000000000E+00  0.530497500000E+00  0.742475424839E+00  0.434558092526E-01  0.134202002542E-01
  0.615000000000E+00  0.530747500000E+00  0.742737255281E+00  0.434938855156E-01  0.134310663736E-01
  0.620000000000E+00  0.530997500000E+00  0.742999121518E+00  0.435317801732E-01  0.134418144992E-01
  0.625000000000E+00  0.531247500000E+00  0.743261023431E+00  0.435694954895E-01  0.134524460553E-01
  0.630000000000E+00  0.531497500000E+00  0.743522960904E+00  0.436070336831E-01  0.134629624389E-01
  0.635000000000E+00  0.531747500000E+00  0.743784933822E+00  0.436443969278E-01  0.134733650207E-01
  0.640000000000E+00  0.531997500000E+00  0.744046942070E+00  0.436815873543E-01  0.134836551459E-01
  0.645000000000E+00  0.532247500000E+00  0.744308985536E+00  0.437186070512E-01  0.134938341346E-01
  0.650000000000E+00  0.532497500000E+00  0.744571064109E+00  0.437554580660E-01  0.135039032826E-01
  0.655000000000E+00  0.532747500000E+00  0.744833177680E+00  0.437921424066E-01  0.135138638620E-01
  0.660000000000E+00  0.532997500000E+00  0.745095326139E+00  0.438286620420E-01  0.135237171218E-01
  0.665000000000E+00  0.533247500000E+00  0.745357509380E+00  0.438650189037E-01  0.135334642886E-01
  0.670000000000E+00  0.533497500000E+00  0.745619727297E+00  0.439012148861E-01  0.135431065670E-01
  0.675000000000E+00  0.533747500000E+00  0.745881979785E+00  0.439372518481E-01  0.135526451404E-01
  0.680000000000E+00  0.533997500000E+00  0.746144266741E+00  0.439731316137E-01  0.135620811714E-01
  0.685000000000E+00  0.534247500000E+00  0.746406588062E+00  0.440088559731E-01  0.135714158020E-01
  0.690000000000E+00  0.534497500000E+00  0.746668943648E+00  0.440444266832E-01  0.135806501549E-01
  0.695000000000E+00  0.534747500000E+00  0.746931333397E+00  0.440798454689E-01  0.135897853330E-01
  0.700000000000E+00  0.534997500000E+00  0.747193757213E+00  0.441151140236E-01  0.135988224208E-01
  0.705000000000E+00  0.535247500000E+00  0.747456214996E+00  0.441502340100E-01  0.136077624841E-01
  0.710000000000E+00  0.535497500000E+00  0.747718706650E+00  0.441852070613E-01  0.136166065711E-01
  0.715000000000E+00  0.535747500000E+00  0.747981232080E+00  0.442200347812E-01  0.136253557121E-01
  0.720000000000E+00  0.535997500000E+00  0.748243791190E+00  0.442547187451E-01  0.136340109207E-01
  0.725000000000E+00  0.536247500000E+00  0.748506383888E+00  0.442892605010E-01  0.136425731936E-01
  0.730000000000E+00  0.536497500000E+00  0.748769010081E+00  0.443236615695E-01  0.136510435113E-01
  0.735000000000E+00  0.536747500000E+00  0.749031669677E+00  0.443579234451E-01  0.136594228382E-01
  0.740000000000E+00  0.536997500000E+00  0.749294362586E+00  0.443920475964E-01  0.136677121234E-01
  0.745000000000E+00  0.537247500000E+00  0.749557088718E+00  0.444260354668E-01  0.136759123007E-01
  0.750000000000E+00  0.537497500000E+00  0.749819847985E+00  0.444598884755E-01  0.136840242890E-01
  0.755000000000E+00  0.537747500000E+00  0.750082640297E+00  0.444936080175E-01  0.136920489928E-01
  0.760000000000E+00  0.537997500000E+00  0.750345465570E+00  0.445271954644E-01  0.136999873023E-01
  0.765000000000E+00  0.538247500000E+00  0.750608323716E+00  0.445606521649E-01  0.137078400939E-01
  0.770000000000E+00  0.538497500000E+00  0.750871214650E+00  0.445939794456E-01  0.137156082304E-01
  0.775000000000E+00  0.538747500000E+00  0.751134138288E+00  0.446271786111E-01  0.137232925614E-01
  0.780000000000E+00  0.538997500000E+00  0.751397094547E+00  0.446602509446E-01  0.137308939235E-01
  0.785000000000E+00  0.539247500000E+00  0.751660083344E+00  0.446931977088E-01  0.137384131405E-01
  0.790000000000E+00  0.539497500000E+00  0.751923104597E+00  0.447260201456E-01  0.137458510239E-01
  0.795000000000E+00  0.539747500000E+00  0.752186158225E+00  0.447587194773E-01  0.137532083730E-01
  0.800000000000E+00  0.539997500000E+00  0.752449244148E+00  0.447912969065E-01  0.137604859752E-01
  0.805000000000E+00  0.540247500000E+00  0.752712362286E+00  0.448237536170E-01  0.137676846062E-01
  0.810000000000E+00  0.540497500000E+00  0.752975512561E+00  0.448560907737E-01  0.137748050305E-01
  0.815000000000E+00  0.540747500000E+00  0.753238694894E+00  0.448883095235E-01  0.137818480012E-01
  0.820000000000E+00  0.540997500000E+00  0.753501909208E+00  0.449204109952E-01  0.137888142606E-01
  0.825000000000E+00  0.541247500000E+00  0.753765155427E+00  0.449523963005E-01  0.137957045402E-01
  0.830000000000E+00  0.541497500000E+00  0.754028433475E+00  0.449842665338E-01  0.138025195612E-01
  0.835000000000E+00  0.541747500000E+00  0.754291743276E+00  0.450160227727E-01  0.138092600342E-01
  0.840000000000E+00  0.541997500000E+00  0.754555084756E+00  0.450476660786E-01  0.138159266600E-01
  0.845000000000E+00  0.542247500000E+00  0.754818457842E+00  0.450791974970E-01  0.138225201294E-01
  0.850000000000E+00  0.542497500000E+00  0.755081862459E+00  0.451106180574E-01  0.138290411237E-01
  0.855000000000E+00  0.542747500000E+00  0.755345298536E+00  0.451419287741E-01  0.138354903146E-01
  0.860000000000E+00  0.542997500000E+00  0.755608766001E+00  0.451731306464E-01  0.138418683644E-01
  0.865000000000E+00  0.543247500000E+00  0.755872264783E+00  0.452042246588E-01  0.138481759265E-01
  0.870000000000E+00  0.543497500000E+00  0.756135794810E+00  0.452352117814E-01  0.138544136453E-01
  0.875000000000E+00  0.543747500000E+00  0.756399356013E+00  0.452660929702E-01  0.138605821563E-01
  0.880000000000E+00  0.543997500000E+00  0.756662948322E+00  0.452968691672E-01  0.138666820866E-01
  0.885000000000E+00  0.544247500000E+00  0.756926571669E+00  0.453275413010E-01  0.138727140549E-01
  0.890000000000E+00  0.544497500000E+00  0.757190225985E+00  0.453581102867E-01  0.138786786714E-01
  0.895000000000E+00  0.544747500000E+00  0.757453911203E+00  0.453885770265E-01  0.138845765384E-01
  0.900000000000E+00  0.544997500000E+00  0.757717627255E+00  0.454189424098E-01  0.138904082502E-01
  0.905000000000E+00  0.545247500000E+00  0.757981374075E+00  0.454492073134E-01  0.138961743932E-01
  0.910000000000E+00  0.545497500000E+00  0.758245151597E+00  0.454793726018E-01  0.139018755463E-01
  0.915000000000E+00  0.545747500000E+00  0.758508959756E+00  0.455094391275E-01  0.139075122807E-01
  0.920000000000E+00  0.545997500000E+00  0.758772798486E+00  0.455394077312E-01  0.139130851603E-01
  0.925000000000E+00  0.546247500000E+00  0.759036667723E+00  0.455692792420E-01  0.139185947419E-01
  0.930000000000E+00  0.546497500000E+00  0.759300567403E+00  0.455990544775E-01  0.139240415748E-01
  0.935000000000E+00  0.546747500000E+00  0.759564497463E+00  0.456287342442E-01  0.139294262018E-01
  0.940000000000E+00  0.546997500000E+00  0.759828457840E+00  0.456583193378E-01  0.139347491584E-01
  0.945000000000E+00  0.547247500000E+00  0.760092448471E+00  0.456878105430E-01  0.139400109737E-01
  0.950000000000E+00  0.547497500000E+00  0.760356469294E+00  0.457172086342E-01  0.139452121700E-01
  0.955000000000E+00  0.547747500000E+00  0.760620520248E+00  0.457465143753E-01  0.139503532631E-01
  0.960000000000E+00  0.547997500000E+00  0.760884601273E+00  0.457757285201E-01  0.139554347624E-01
  0.965000000000E+00  0.548247500000E+00  0.761148712306E+00  0.458048518124E-01  0.139604571712E-01
  0.970000000000E+00  0.548497500000E+00  0.761412853289E+00  0.458338849863E-01  0.139654209864E-01
  0.975000000000E+00  0.548747500000E+00  0.761677024162E+00  0.458628287662E-01  0.139703266990E-01
  0.980000000000E+00  0.548997500000E+00  0.761941224865E+00  0.458916838669E-01  0.139751747939E-01
  0.985000000000E+00  0.549247500000E+00  0.762205455339E+00  0.459204509944E-01  0.139799657503E-01
  0.990000000000E+00  0.549497500000E+00  0.762469715527E+00  0.459491308452E-01  0.139847000416E-01
  0.995000000000E+00  0.549747500000E+00  0.762734005371E+00  0.459777241070E-01  0.139893781355E-01
  0.100000000000E+01  0.549997500000E+00  0.762998324812E+00  0.460062314587E-01  0.139940004941E-01
  0.100500000000E+01  0.550247500000E+00  0.763262673794E+00  0.460346535705E-01  0.139985675742E-01
  0.101000000000E+01  0.550497500000E+00  0.763527052260E+00  0.460629911043E-01  0.140030798270E-01
  0.101500000000E+01  0.550747500000E+00  0.763791460155E+00  0.460912447136E-01  0.140075376986E-01
  0.102000000000E+01  0.550997500000E+00  0.764055897421E+00  0.461194150437E-01  0.140119416298E-01
  0.102500000000E+01  0.551247500000E+00  0.764320364003E+00  0.461475027318E-01  0.140162920564E-01
  0.103000000000E+01  0.551497500000E+00  0.764584859847E+00  0.461755084074E-01  0.140205894089E-01
  0.103500000000E+01  0.551747500000E+00  0.764849384898E+00  0.462034326919E-01  0.140248341132E-01
  0.104000000000E+01  0.551997500000E+00  0.765113939101E+00  0.462312761995E-01  0.140290265900E-01
  0.104500000000E+01  0.552247500000E+00  0.765378522401E+00  0.462590395365E-01  0.140331672555E-01
  0.105000000000E+01  0.552497500000E+00  0.765643134747E+00  0.462867233020E-01  0.140372565211E-01
  0.105500000000E+01  0.552747500000E+00  0.765907776084E+00  0.463143280880E-01  0.140412947933E-01
  0.106000000000E+01  0.552997500000E+00  0.766172446359E+00  0.463418544790E-01  0.140452824744E-01
  0.106500000000E+01  0.553247500000E+00  0.766437145520E+00  0.463693030528E-01  0.140492199621E-01
  0.107000000000E+01  0.553497500000E+00  0.766701873514E+00  0.463966743803E-01  0.140531076495E-01
  0.107500000000E+01  0.553747500000E+00  0.766966630290E+00  0.464239690253E-01  0.140569459255E-01
  0.108000000000E+01  0.553997500000E+00  0.767231415795E+00  0.464511875453E-01  0.140607351747E-01
  0.108500000000E+01  0.554247500000E+00  0.767496229980E+00  0.464783304911E-01  0.140644757776E-01
  0.109000000000E+01  0.554497500000E+00  0.767761072792E+00  0.465053984070E-01  0.140681681102E-01
  0.109500000000E+01  0.554747500000E+00  0.768025944181E+00  0.465323918309E-01  0.140718125448E-01
  0.110000000000E+01  0.554997500000E+00  0.768290844097E+00  0.465593112947E-01  0.140754094494E-01
  0.110500000000E+01  0.555247500000E+00  0.768555772490E+00  0.465861573239E-01  0.140789591881E-01
  0.111000000000E+01  0.555497500000E+00  0.768820729311E+00  0.466129304380E-01  0.140824621212E-01
  0.111500000000E+01  0.555747500000E+00  0.769085714508E+00  0.466396311507E-01  0.140859186051E-01
  0.112000000000E+01  0.555997500000E+00  0.769350728035E+00  0.466662599696E-01  0.140893289922E-01
  0.112500000000E+01  0.556247500000E+00  0.769615769842E+00  0.466928173968E-01  0.140926936316E-01
  0.113000000000E+01  0.556497500000E+00  0.769880839879E+00  0.467193039285E-01  0.140960128682E-01
  0.113500000000E+01  0.556747500000E+00  0.770145938101E+00  0.467457200554E-01  0.140992870437E-01
  0.114000000000E+01  0.556997500000E+00  0.770411064457E+00  0.467720662627E-01  0.141025164960E-01
  0.114500000000E+01  0.557247500000E+00  0.770676218901E+00  0.467983430302E-01  0.141057015596E-01
  0.115000000000E+01  0.557497500000E+00  0.770941401385E+00  0.468245508325E-01  0.141088425655E-01
  0.115500000000E+01  0.557747500000E+00  0.771206611862E+00  0.468506901385E-01  0.141119398412E-01
  0.116000000000E+01  0.557997500000E+00  0.771471850285E+00  0.468767614125E-01  0.141149937109E-01
  0.116500000000E+01  0.558247500000E+00  0.771737116608E+00  0.469027651133E-01  0.141180044954E-01
  0.117000000000E+01  0.558497500000E+00  0.772002410785E+00  0.469287016949E-01  0.141209725124E-01
  0.117500000000E+01  0.558747500000E+00  0.772267732768E+00  0.469545716063E-01  0.141238980763E-01
  0.118000000000E+01  0.558997500000E+00  0.772533082513E+00  0.469803752916E-01  0.141267814982E-01
  0.118500000000E+01  0.559247500000E+00  0.772798459974E+00  0.470061131902E-01  0.141296230862E-01
  0.119000000000E+01  0.559497500000E+00  0.773063865106E+00  0.470317857367E-01  0.141324231453E-01
  0.119500000000E+01  0.559747500000E+00  0.773329297863E+00  0.470573933610E-01  0.141351819774E-01
  0.120000000000E+01  0.559997500000E+00  0.773594758201E+00  0.470829364885E-01  0.141378998814E-01
  0.120500000000E+01  0.560247500000E+00  0.773860246075E+00  0.471084155402E-01  0.141405771532E-01
  0.121000000000E+01  0.560497500000E+00  0.774125761440E+00  0.471338309325E-01  0.141432140858E-01
  0.121500000000E+01  0.560747500000E+00  0.774391304254E+00  0.471591830774E-01  0.141458109695E-01
  0.122000000000E+01  0.560997500000E+00  0.774656874471E+00  0.471844723827E-01  0.141483680915E-01
  0.122500000000E+01  0.561247500000E+00  0.774922472048E+00  0.472096992518E-01  0.141508857364E-01
  0.123000000000E+01  0.561497500000E+00  0.775188096942E+00  0.472348640840E-01  0.141533641857E-01
  0.125555000000E+01  0.562772225000E+00  0.776543081762E+00  0.473585566468E-01  0.141632069511E-01
  0.126170439500E+01  0.563079639500E+00  0.776869932046E+00  0.473898829613E-01  0.141664691477E-01
  0.126852899690E+01  0.563420530768E+00  0.777232424030E+00  0.474238594300E-01  0.141696279818E-01
  0.127609678304E+01  0.563798543976E+00  0.777634449089E+00  0.474612045522E-01  0.141729288963E-01
  0.128448867627E+01  0.564217721168E+00  0.778080324944E+00  0.475023707111E-01  0.141764379004E-01
  0.129379440993E+01  0.564682544460E+00  0.778574842464E+00  0.475477839620E-01  0.141801828586E-01
  0.130411348701E+01  0.565197983951E+00  0.779123317802E+00  0.475978868863E-01  0.141841766956E-01
  0.131555624369E+01  0.565769550841E+00  0.779731650373E+00  0.476531523165E-01  0.141884229100E-01
  0.132824502865E+01  0.566403356341E+00  0.780406387339E+00  0.477140898656E-01  0.141929164974E-01
  0.134231551076E+01  0.567106176986E+00  0.781154795313E+00  0.477812501005E-01  0.141976431520E-01
  0.135791812907E+01  0.567885527061E+00  0.781984940149E+00  0.478552277462E-01  0.142025775523E-01
  0.137521970074E+01  0.568749738911E+00  0.782905775712E+00  0.479366643823E-01  0.142076809775E-01
  0.139440520382E+01  0.569708051991E+00  0.783927242700E+00  0.480262507776E-01  0.142128983173E-01
  0.141567975419E+01  0.570770711607E+00  0.785060378676E+00  0.481247288941E-01  0.142181544676E-01
  0.143927079767E+01  0.571949078410E+00  0.786317440615E+00  0.482328935341E-01  0.142233500774E-01
  0.146543054070E+01  0.573255749800E+00  0.787712041450E+00  0.483515935845E-01  0.142283566028E-01
  0.149443864554E+01  0.574704694546E+00  0.789259302257E+00  0.484817327965E-01  0.142330106230E-01
  0.152660521891E+01  0.576311402063E+00  0.790976021931E+00  0.486242700366E-01  0.142371073898E-01
  0.156227412580E+01  0.578093047931E+00  0.792880866434E+00  0.487802189492E-01  0.142403935923E-01
  0.160182666406E+01  0.580068677425E+00  0.794994579936E+00  0.489506469760E-01  0.142425593534E-01
  0.164568563882E+01  0.582259409027E+00  0.797340220475E+00  0.491366736926E-01  0.142432295069E-01
  0.169431988039E+01  0.584688660085E+00  0.799943423032E+00  0.493394684409E-01  0.142419542567E-01
  0.174824925387E+01  0.587382397026E+00  0.802832693323E+00  0.495602472585E-01  0.142381993775E-01
  0.180805021397E+01  0.590369412807E+00  0.806039735919E+00  0.498002691343E-01  0.142313361935E-01
  0.187436196431E+01  0.593681634557E+00  0.809599820783E+00  0.500608316487E-01  0.142206316541E-01
  0.194789328715E+01  0.597354464696E+00  0.813552192675E+00  0.503432660900E-01  0.142052389280E-01
  0.202943011623E+01  0.601427159187E+00  0.817940528397E+00  0.506489321688E-01  0.141841890409E-01
  0.211984393395E+01  0.605943246944E+00  0.822813447252E+00  0.509792124803E-01  0.141563841980E-01
  0.222010108215E+01  0.610950994881E+00  0.828225080553E+00  0.513355068985E-01  0.141205935491E-01
  0.233127308636E+01  0.616503923577E+00  0.834235706396E+00  0.517192270408E-01  0.140754522262E-01
  0.245454810340E+01  0.622661379047E+00  0.840912456210E+00  0.521317913089E-01  0.140194647633E-01
  0.259124361484E+01  0.629489166746E+00  0.848330099738E+00  0.525746192964E-01  0.139510131419E-01
  0.274282050175E+01  0.637060254552E+00  0.856571915083E+00  0.530491315273E-01  0.138683735457E-01
  0.291089865104E+01  0.645455552257E+00  0.865730650198E+00  0.535567341961E-01  0.137697319728E-01
  0.309727426011E+01  0.654764775878E+00  0.875909581714E+00  0.540988538525E-01  0.136532332085E-01
  0.330393902449E+01  0.665087406013E+00  0.887223676516E+00  0.546768392821E-01  0.135169699966E-01
  0.353310141348E+01  0.676533750490E+00  0.899800861242E+00  0.552921979047E-01  0.133591482297E-01
  0.378721026086E+01  0.689226122638E+00  0.913783405786E+00  0.559460789542E-01  0.131778889838E-01
  0.406898092256E+01  0.703300147779E+00  0.929329430267E+00  0.566403334055E-01  0.129717981022E-01
  0.438142428068E+01  0.718906211866E+00  0.946614553274E+00  0.573755301241E-01  0.127391058344E-01
  0.472787890341E+01  0.736211067764E+00  0.965833715957E+00  0.581544752008E-01  0.124793393122E-01
  0.511204670436E+01  0.755399616297E+00  0.987203245332E+00  0.589764007155E-01  0.121908224068E-01
  0.553803248178E+01  0.776676881087E+00  0.101096325994E+01  0.598461166016E-01  0.118746601369E-01
  0.601038776011E+01  0.800270198273E+00  0.103738055509E+01  0.607603778288E-01  0.115291592685E-01
  0.650376722652E+01  0.824939171593E+00  0.106507177881E+01  0.616753845493E-01  0.111791781030E-01
  0.699714669292E+01  0.849608144913E+00  0.109283096634E+01  0.625460549001E-01  0.108390820718E-01
  0.749052615933E+01  0.874277118234E+00  0.112065378633E+01  0.633790752435E-01  0.105105046287E-01
  0.798390562573E+01  0.898946091554E+00  0.114853753385E+01  0.641786179629E-01  0.101939716143E-01
  0.847728509214E+01  0.923615064874E+00  0.117648144418E+01  0.649480848019E-01  0.988964444075E-02
  0.897066455854E+01  0.948284038194E+00  0.120448806128E+01  0.656903449599E-01  0.959745754688E-02
  0.946404402495E+01  0.972953011515E+00  0.123256526436E+01  0.664078530061E-01  0.931719406674E-02
  0.995742349135E+01  0.997621984835E+00  0.126072735246E+01  0.671027192952E-01  0.904853380578E-02
  0.104508029578E+02  0.102229095816E+01  0.128899317408E+01  0.677767563570E-01  0.879108577944E-02
  0.109441824242E+02  0.104695993148E+01  0.131738119053E+01  0.684315146523E-01  0.854441195748E-02
  0.114375618906E+02  0.107162890480E+01  0.134590423841E+01  0.690683166966E-01  0.830804615590E-02
  0.119309413570E+02  0.109629787812E+01  0.137456703369E+01  0.696882948686E-01  0.808151019773E-02
  0.124243208234E+02  0.112096685144E+01  0.140336683719E+01  0.702924336761E-01  0.786432793868E-02
  0.129177002898E+02  0.114563582476E+01  0.143229565795E+01  0.708816133705E-01  0.765603680104E-02
  0.134110797562E+02  0.117030479808E+01  0.146134262331E+01  0.714566486461E-01  0.745619593454E-02
  0.138905822175E+02  0.119429231133E+01  0.148968734631E+01  0.720040278980E-01  0.726979736802E-02
  0.143591813178E+02  0.121772226634E+01  0.151746249466E+01  0.725258170341E-01  0.709445047159E-02
  0.148266080192E+02  0.124110532540E+01  0.154525558626E+01  0.730467034184E-01  0.692809700072E-02
  0.152717591431E+02  0.126336288159E+01  0.157177174734E+01  0.735130579989E-01  0.677177855470E-02
  0.157169102669E+02  0.128562043778E+01  0.159832933570E+01  0.739802217439E-01  0.662270968060E-02
  0.161535789650E+02  0.130746503377E+01  0.162441503814E+01  0.744319155182E-01  0.648168947448E-02
  0.165764079157E+02  0.132860648131E+01  0.164967064831E+01  0.748608904924E-01  0.634961275882E-02
  0.169992368665E+02  0.134974792885E+01  0.167492688291E+01  0.752832143887E-01  0.622187045155E-02
  0.174129255898E+02  0.137044299319E+01  0.169964982979E+01  0.756926651514E-01  0.610120532100E-02
  0.178144981975E+02  0.139052162357E+01  0.172364466065E+01  0.760812935392E-01  0.598728977495E-02
  0.182160708053E+02  0.141060025396E+01  0.174764766661E+01  0.764658482784E-01  0.587701909518E-02
  0.186176434130E+02  0.143067888435E+01  0.177165453435E+01  0.768456017260E-01  0.577010468062E-02
  0.190055384659E+02  0.145008369402E+01  0.179484794870E+01  0.772091818747E-01  0.566998302744E-02
  0.193869970224E+02  0.146915662184E+01  0.181763050480E+01  0.775610283696E-01  0.557417910728E-02
  0.197684555789E+02  0.148822954967E+01  0.184039242734E+01  0.779090900247E-01  0.548108342631E-02
  0.201499141354E+02  0.150000000000E+01  0.185576185334E+01  0.757643854934E-01  0.510243743040E-02
  0.205313726919E+02  0.150000000000E+01  0.185899403086E+01  0.737571402190E-01  0.483565842959E-02
  0.209128312484E+02  0.150000000000E+01  0.186203133332E+01  0.725090485612E-01  0.467338855400E-02
  0.212942898049E+02  0.150000000000E+01  0.186494579976E+01  0.715475509257E-01  0.455026848309E-02
  0.216757483613E+02  0.150000000000E+01  0.186777542671E+01  0.707506590724E-01  0.444947178593E-02
  0.220572069178E+02  0.150000000000E+01  0.187054069035E+01  0.700642780075E-01  0.436355826907E-02
  0.224386654743E+02  0.150000000000E+01  0.187324914139E+01  0.694587677133E-01  0.428846258866E-02
  0.228201240308E+02  0.150000000000E+01  0.187589889938E+01  0.689157912115E-01  0.422167669183E-02
  0.232015825873E+02  0.150000000000E+01  0.187848392509E+01  0.684230425766E-01  0.416152244928E-02
  0.235830411438E+02  0.150000000000E+01  0.188100072079E+01  0.679717528076E-01  0.410680815976E-02
  0.239644997003E+02  0.150000000000E+01  0.188345239109E+01  0.675553767703E-01  0.405664793829E-02
  0.243459582568E+02  0.150000000000E+01  0.188584703590E+01  0.671688523383E-01  0.401035975506E-02
  0.247274168133E+02  0.150000000000E+01  0.188819340078E+01  0.668081615393E-01  0.396740484290E-02
  0.251088753698E+02  0.150000000000E+01  0.189049870412E+01  0.664700557215E-01  0.392734960678E-02
  0.254903339263E+02  0.150000000000E+01  0.189276901065E+01  0.661518669909E-01  0.388983956123E-02
  0.258717924828E+02  0.150000000000E+01  0.189500869634E+01  0.658513638915E-01  0.385457966789E-02
  0.262532510392E+02  0.150000000000E+01  0.189721634396E+01  0.655666334464E-01  0.382131859689E-02
  0.266347095957E+02  0.150000000000E+01  0.189937770505E+01  0.652959857284E-01  0.378983622422E-02
  0.270161681522E+02  0.150000000000E+01  0.190146005280E+01  0.650378846874E-01  0.375993461744E-02
  0.273976267087E+02  0.150000000000E+01  0.190341581344E+01  0.647909132618E-01  0.373143328116E-02
  0.277630630208E+02  0.150000000000E+01  0.190513231179E+01  0.645635562432E-01  0.370529137313E-02
  0.281254474767E+02  0.150000000000E+01  0.190667938096E+01  0.643460271710E-01  0.368036552239E-02
  0.284878319327E+02  0.150000000000E+01  0.190811140815E+01  0.641355830320E-01  0.365633156521E-02
  0.288502163886E+02  0.150000000000E+01  0.190948451315E+01  0.639316020148E-01  0.363311087660E-02
  0.292126008446E+02  0.150000000000E+01  0.191083736959E+01  0.637336472356E-01  0.361064692441E-02
  0.295749853005E+02  0.150000000000E+01  0.191218326101E+01  0.635414450742E-01  0.358890243744E-02
  0.299373697565E+02  0.150000000000E+01  0.191352401203E+01  0.633548508619E-01  0.356785522466E-02
  0.302997542124E+02  0.150000000000E+01  0.191486169133E+01  0.631738078220E-01  0.354749332866E-02
  0.306621386684E+02  0.150000000000E+01  0.191619793154E+01  0.629983047246E-01  0.352781013171E-02
  0.310245231244E+02  0.150000000000E+01  0.191752637367E+01  0.628283403526E-01  0.350880031241E-02
  0.313869075803E+02  0.150000000000E+01  0.191882847481E+01  0.626639021140E-01  0.349045744724E-02
  0.317492920363E+02  0.150000000000E+01  0.192007951181E+01  0.625049587754E-01  0.347277321913E-02
  0.321116764922E+02  0.150000000000E+01  0.192126306803E+01  0.623514605118E-01  0.345573744707E-02
  0.324740609482E+02  0.150000000000E+01  0.192238337818E+01  0.622033398691E-01  0.343933821411E-02
  0.328364454041E+02  0.150000000000E+01  0.192346506483E+01  0.620605121979E-01  0.342356193268E-02
  0.331988298601E+02  0.150000000000E+01  0.192454117989E+01  0.619228771612E-01  0.340839352527E-02
  0.335612143160E+02  0.150000000000E+01  0.192563991605E+01  0.617903218232E-01  0.339381677424E-02
  0.339235987720E+02  0.150000000000E+01  0.192677807017E+01  0.616627237218E-01  0.337981466382E-02
  0.342859832280E+02  0.150000000000E+01  0.192796064635E+01  0.615399526172E-01  0.336636957166E-02
  0.346483676839E+02  0.150000000000E+01  0.192918186331E+01  0.614218716371E-01  0.335346339147E-02
  0.350107521399E+02  0.150000000000E+01  0.193042482583E+01  0.613083400923E-01  0.334107783544E-02
  0.353731365958E+02  0.150000000000E+01  0.193165756063E+01  0.611992204100E-01  0.332919518115E-02
  0.357355210518E+02  0.150000000000E+01  0.193281990139E+01  0.610943896090E-01  0.331779950374E-02
  0.360979055077E+02  0.150000000000E+01  0.193379962235E+01  0.609937519688E-01  0.330687802599E-02
  0.364602899637E+02  0.150000000000E+01  0.193444963675E+01  0.608972479206E-01  0.329642204827E-02
  0.368226744196E+02  0.150000000000E+01  0.193472604927E+01  0.608048565069E-01  0.328642717762E-02
  0.371850588756E+02  0.150000000000E+01  0.193478692732E+01  0.607165920460E-01  0.327689293305E-02
  0.375474433315E+02  0.150000000000E+01  0.193486917551E+01  0.606324971730E-01  0.326782196750E-02
  0.379098277875E+02  0.150000000000E+01  0.193515356619E+01  0.605526342321E-01  0.325921912217E-02
  0.382722122435E+02  0.150000000000E+01  0.193573556723E+01  0.604770764196E-01  0.325109046423E-02
  0.386345966994E+02  0.150000000000E+01  0.193661942729E+01  0.604059006190E-01  0.324344251520E-02
  0.389969811554E+02  0.150000000000E+01  0.193771948030E+01  0.603391854567E-01  0.323628204585E-02
  0.393593656113E+02  0.150000000000E+01  0.193890247762E+01  0.602770185823E-01  0.322961686149E-02
  0.397217500673E+02  0.150000000000E+01  0.194004902236E+01  0.602195167894E-01  0.322345795764E-02
  0.400841345232E+02  0.150000000000E+01  0.194109379256E+01  0.601668630054E-01  0.321782347014E-02
  0.404465189792E+02  0.150000000000E+01  0.194206483294E+01  0.601193658017E-01  0.321274501724E-02
  0.408089034351E+02  0.150000000000E+01  0.194305196100E+01  0.600775502295E-01  0.320827737029E-02
  0.411712878911E+02  0.150000000000E+01  0.194411253385E+01  0.600422918669E-01  0.320451272234E-02
  0.415336723470E+02  0.150000000000E+01  0.194524842958E+01  0.600149505489E-01  0.320159492390E-02
  0.418960568030E+02  0.150000000000E+01  0.194644312803E+01  0.599971629686E-01  0.319969739048E-02
  0.422584412590E+02  0.150000000000E+01  0.194768321775E+01  0.599898686934E-01  0.319891941854E-02
  0.426208257149E+02  0.150000000000E+01  0.194895767125E+01  0.599921350490E-01  0.319916112688E-02
  0.429832101709E+02  0.150000000000E+01  0.195031750709E+01  0.600011010094E-01  0.320011744209E-02
  0.433455946268E+02  0.150000000000E+01  0.195191509658E+01  0.600142596814E-01  0.320152121342E-02
  0.437079790828E+02  0.150000000000E+01  0.195385100305E+01  0.600322833186E-01  0.320344448039E-02
  0.440703635387E+02  0.150000000000E+01  0.195609685793E+01  0.600544531695E-01  0.320581097377E-02
  0.444327479947E+02  0.150000000000E+01  0.195849796845E+01  0.600837368397E-01  0.320893816233E-02
  0.447823552203E+02  0.150000000000E+01  0.196080714939E+01  0.601319030776E-01  0.321408512688E-02
  0.451264864900E+02  0.150000000000E+01  0.196299572148E+01  0.601877883537E-01  0.322006210392E-02
  0.454706177597E+02  0.150000000000E+01  0.196505421515E+01  0.602374092484E-01  0.322537375374E-02
  0.458147490293E+02  0.150000000000E+01  0.196690498439E+01  0.602967435253E-01  0.323173091534E-02
  0.461587071817E+02  0.150000000000E+01  0.196848293657E+01  0.603608258253E-01  0.323860381717E-02
  0.464609710552E+02  0.150000000000E+01  0.196963377513E+01  0.604301674239E-01  0.324604900878E-02
  0.467789189695E+02  0.150000000000E+01  0.197061107813E+01  0.605361954298E-01  0.325744973966E-02
  0.471127462348E+02  0.150000000000E+01  0.197136187137E+01  0.606771988402E-01  0.327264218586E-02
  0.474465735001E+02  0.150000000000E+01  0.197176357200E+01  0.607916008997E-01  0.328499443551E-02
  0.477804007654E+02  0.150000000000E+01  0.197179477735E+01  0.608739303285E-01  0.329389812768E-02
  0.481142280307E+02  0.150000000000E+01  0.197165549613E+01  0.609800695497E-01  0.330539456203E-02
  0.484345004763E+02  0.150000000000E+01  0.197173515345E+01  0.611063870685E-01  0.331910270273E-02
  0.487009747353E+02  0.150000000000E+01  0.197214751952E+01  0.612111272327E-01  0.333049075298E-02
  0.489908943343E+02  0.150000000000E+01  0.197291597756E+01  0.612715240618E-01  0.333706636520E-02
  0.493017625288E+02  0.150000000000E+01  0.197382331147E+01  0.613448659590E-01  0.334506007069E-02
  0.495937625574E+02  0.150000000000E+01  0.197422923433E+01  0.614712747631E-01  0.335886010755E-02
  0.498306517393E+02  0.150000000000E+01  0.197379937474E+01  0.616027119798E-01  0.337323922068E-02
  0.500927289368E+02  0.150000000000E+01  0.197240224678E+01  0.617613189831E-01  0.339063157558E-02
  0.503740418554E+02  0.150000000000E+01  0.197020862321E+01  0.619457707332E-01  0.341091423264E-02
  0.506553547740E+02  0.150000000000E+01  0.196831597218E+01  0.621428534401E-01  0.343265265216E-02
  0.509542739531E+02  0.150000000000E+01  0.196724568117E+01  0.623795865919E-01  0.345885584301E-02
  0.512151105265E+02  0.150000000000E+01  0.196663002318E+01  0.626004035225E-01  0.348338712993E-02
  0.514378737817E+02  0.150000000000E+01  0.196580747647E+01  0.628119125308E-01  0.350696564958E-02
  0.516778204003E+02  0.150000000000E+01  0.196409010316E+01  0.630841929706E-01  0.353743591355E-02
  0.519354510291E+02  0.150000000000E+01  0.196174742342E+01  0.633845709091E-01  0.357120340385E-02
  0.522050643529E+02  0.150000000000E+01  0.195973799962E+01  0.636841605875E-01  0.360504205310E-02
  0.524783017868E+02  0.150000000000E+01  0.195858558770E+01  0.639543106116E-01  0.363569230738E-02
  0.527092332267E+02  0.150000000000E+01  0.195852723482E+01  0.642646477374E-01  0.367106217672E-02
  0.529201299817E+02  0.150000000000E+01  0.195876195183E+01  0.645905493908E-01  0.370839028498E-02
  0.531512674864E+02  0.150000000000E+01  0.195925402488E+01  0.649355452684E-01  0.374811114605E-02
  0.533791706767E+02  0.150000000000E+01  0.196011172261E+01  0.653222119678E-01  0.379288122344E-02
  0.536077529648E+02  0.150000000000E+01  0.196125341483E+01  0.657332108476E-01  0.384076000741E-02
  0.538083055327E+02  0.150000000000E+01  0.196231352641E+01  0.661808405454E-01  0.389324769359E-02
  0.540296352077E+02  0.150000000000E+01  0.196332093566E+01  0.666809110233E-01  0.395230568435E-02
  0.542525745950E+02  0.150000000000E+01  0.196371229175E+01  0.671489005422E-01  0.400797763913E-02
  0.544814558339E+02  0.150000000000E+01  0.196342270305E+01  0.675677654379E-01  0.405813593446E-02
  0.547269530782E+02  0.150000000000E+01  0.196276307912E+01  0.680338894671E-01  0.411432010313E-02
  0.549238806343E+02  0.150000000000E+01  0.196215109603E+01  0.683519779065E-01  0.415288256331E-02
  0.551130845186E+02  0.150000000000E+01  0.196177471531E+01  0.686164279275E-01  0.418507927248E-02
  0.552863153723E+02  0.150000000000E+01  0.196179063273E+01  0.689095958870E-01  0.422091769361E-02
  0.554538331086E+02  0.150000000000E+01  0.196210768072E+01  0.692013129396E-01  0.425673041117E-02
  0.556133473829E+02  0.150000000000E+01  0.196258456589E+01  0.694625469187E-01  0.428892926616E-02
  0.557760491132E+02  0.150000000000E+01  0.196317181635E+01  0.697362071577E-01  0.432278985665E-02
  0.559241542992E+02  0.150000000000E+01  0.196374082129E+01  0.700217535527E-01  0.435826308498E-02
  0.560875300567E+02  0.150000000000E+01  0.196433606388E+01  0.703522131853E-01  0.439949680007E-02
  0.562686842438E+02  0.150000000000E+01  0.196501792014E+01  0.707560796533E-01  0.445015360702E-02
  0.564695512683E+02  0.150000000000E+01  0.196600541626E+01  0.712338144683E-01  0.451045006552E-02
  0.566922759888E+02  0.150000000000E+01  0.196735306321E+01  0.719113774219E-01  0.459666329130E-02
  0.569258409331E+02  0.150000000000E+01  0.196886762769E+01  0.727900806715E-01  0.470968519481E-02
  0.571260663530E+02  0.150000000000E+01  0.197031561329E+01  0.735430260002E-01  0.480762370957E-02
  0.573193592829E+02  0.150000000000E+01  0.197186746623E+01  0.742199722075E-01  0.489653713288E-02
  0.575222137973E+02  0.150000000000E+01  0.197355869262E+01  0.749220272938E-01  0.498960904339E-02
  0.577067120961E+02  0.150000000000E+01  0.197503348407E+01  0.755914183989E-01  0.507916669827E-02
  0.578997812069E+02  0.150000000000E+01  0.197642165714E+01  0.763447645025E-01  0.518090939283E-02
  0.580773028215E+02  0.150000000000E+01  0.197747470926E+01  0.770563800171E-01  0.527794284564E-02
  0.582721992334E+02  0.150000000000E+01  0.197853688705E+01  0.778079450252E-01  0.538140116360E-02
  0.584767043197E+02  0.150000000000E+01  0.198007266415E+01  0.785946240384E-01  0.549076882466E-02
  0.586330525147E+02  0.150000000000E+01  0.198148959428E+01  0.792778771510E-01  0.558665049385E-02
  0.587985813822E+02  0.150000000000E+01  0.198278236227E+01  0.800500055169E-01  0.569600300734E-02
  0.589821191639E+02  0.150000000000E+01  0.198344680751E+01  0.809168135244E-01  0.582002729862E-02
  0.591723505923E+02  0.150000000000E+01  0.198278997204E+01  0.817888586751E-01  0.594614880301E-02
  0.593171509387E+02  0.150000000000E+01  0.198189281794E+01  0.824548727202E-01  0.604338314249E-02
  0.594711626163E+02  0.150000000000E+01  0.198117560963E+01  0.831751621819E-01  0.614942898132E-02
  0.596392375956E+02  0.150000000000E+01  0.198085689009E+01  0.840001557285E-01  0.627202325548E-02
  0.598108263102E+02  0.150000000000E+01  0.198092004285E+01  0.848556254428E-01  0.640042415048E-02
  0.600006377503E+02  0.150000000000E+01  0.198134914122E+01  0.857791285346E-01  0.654049679303E-02
  0.601890828339E+02  0.150000000000E+01  0.198138419990E+01  0.866292069849E-01  0.667077289141E-02
  0.603409009720E+02  0.150000000000E+01  0.198026877439E+01  0.873061301172E-01  0.677543142759E-02
  0.604891476037E+02  0.150000000000E+01  0.197796224996E+01  0.880019549045E-01  0.688386139290E-02
  0.606527943802E+02  0.150000000000E+01  0.197378528675E+01  0.888157273343E-01  0.701176304170E-02
  0.608198742209E+02  0.150000000000E+01  0.197076318160E+01  0.896411226111E-01  0.714269410042E-02
  0.609724419851E+02  0.150000000000E+01  0.196604569582E+01  0.903672324194E-01  0.725887706234E-02
  0.611254798377E+02  0.150000000000E+01  0.196115165342E+01  0.911352810102E-01  0.738279061761E-02
  0.612863535829E+02  0.150000000000E+01  0.195874176598E+01  0.919602907154E-01  0.751706228308E-02
  0.614505009300E+02  0.150000000000E+01  0.195872901795E+01  0.927624191649E-01  0.764877014163E-02
  0.616165245347E+02  0.150000000000E+01  0.196000885931E+01  0.935225296957E-01  0.777463427616E-02
  0.617846928955E+02  0.150000000000E+01  0.196098211741E+01  0.942724937837E-01  0.789982496373E-02
  0.619570957229E+02  0.150000000000E+01  0.196144553049E+01  0.950166105218E-01  0.802502780005E-02
  0.621353510923E+02  0.150000000000E+01  0.196181230087E+01  0.957471400998E-01  0.814890207760E-02
  0.623239868057E+02  0.150000000000E+01  0.196210201679E+01  0.964480201513E-01  0.826864052543E-02
  0.625033169278E+02  0.150000000000E+01  0.196085033108E+01  0.970427112081E-01  0.837092248765E-02
  0.626872039694E+02  0.150000000000E+01  0.196047075008E+01  0.976719008616E-01  0.847982241593E-02
  0.628644238696E+02  0.150000000000E+01  0.196329956338E+01  0.982484542112E-01  0.858023000434E-02
  0.630577276483E+02  0.150000000000E+01  0.196466297419E+01  0.987492948674E-01  0.866793176605E-02
  0.632425141101E+02  0.150000000000E+01  0.196424207524E+01  0.991704154896E-01  0.874201894079E-02
  0.634458861692E+02  0.150000000000E+01  0.196174186583E+01  0.995407922038E-01  0.880743938894E-02
  0.636500499759E+02  0.150000000000E+01  0.195805889141E+01  0.999123056529E-01  0.887330561855E-02
  0.638383903087E+02  0.150000000000E+01  0.195634452004E+01  0.100216857472E+00  0.892748313023E-02
  0.640413791468E+02  0.150000000000E+01  0.195765396313E+01  0.100423227000E+00  0.896428846322E-02
  0.642378980428E+02  0.150000000000E+01  0.196020106296E+01  0.100502736151E+00  0.897848886555E-02
  0.644369788701E+02  0.150000000000E+01  0.196208044804E+01  0.100568136388E+00  0.899017782797E-02
  0.646535539733E+02  0.150000000000E+01  0.196420564472E+01  0.100663165106E+00  0.900717583032E-02
  0.648484293048E+02  0.150000000000E+01  0.196781944216E+01  0.100742333258E+00  0.902134907571E-02
  0.650526214858E+02  0.150000000000E+01  0.197340878909E+01  0.100794708584E+00  0.903073180321E-02
  0.652520838547E+02  0.150000000000E+01  0.197597636825E+01  0.100718634714E+00  0.901710522547E-02
  0.654575022221E+02  0.150000000000E+01  0.197454157539E+01  0.100595431903E+00  0.899505859533E-02
  0.656769427688E+02  0.150000000000E+01  0.197116242320E+01  0.100456568196E+00  0.897024186117E-02
  0.659036802677E+02  0.150000000000E+01  0.196934762307E+01  0.100288688143E+00  0.894028530620E-02
  0.660984069005E+02  0.150000000000E+01  0.196994475275E+01  0.100162092253E+00  0.891772864392E-02
  0.662833976303E+02  0.150000000000E+01  0.197104617244E+01  0.100016180474E+00  0.889176565026E-02
  0.664821090095E+02  0.150000000000E+01  0.197271996008E+01  0.998198157445E-01  0.885688499135E-02
  0.666932481957E+02  0.150000000000E+01  0.197280136857E+01  0.996155972814E-01  0.882068197487E-02
  0.669261611131E+02  0.150000000000E+01  0.197353627422E+01  0.994385350522E-01  0.878935311407E-02
  0.671616930102E+02  0.150000000000E+01  0.196904817731E+01  0.992475208388E-01  0.875561812679E-02
  0.673630338462E+02  0.150000000000E+01  0.196228564225E+01  0.990604936956E-01  0.872265014330E-02
  0.675723379857E+02  0.150000000000E+01  0.195634164169E+01  0.988615791106E-01  0.868765495489E-02
  0.677944737890E+02  0.150000000000E+01  0.195367258187E+01  0.986696157081E-01  0.865394939021E-02
  0.680166095922E+02  0.150000000000E+01  0.195251001599E+01  0.985398118126E-01  0.863119512184E-02
  0.682313588414E+02  0.150000000000E+01  0.195104180451E+01  0.984582600422E-01  0.861691464048E-02
  0.684470978241E+02  0.150000000000E+01  0.194797184070E+01  0.983742070721E-01  0.860220854850E-02
  0.686383397051E+02  0.150000000000E+01  0.194468573050E+01  0.982673021759E-01  0.858352237949E-02
  0.688144570731E+02  0.150000000000E+01  0.194377229156E+01  0.981569158029E-01  0.856424899550E-02
  0.689877429723E+02  0.150000000000E+01  0.194432187721E+01  0.980457544869E-01  0.854486219813E-02
  0.691717674219E+02  0.150000000000E+01  0.194486533296E+01  0.979348179968E-01  0.852553651205E-02
  0.693638928832E+02  0.150000000000E+01  0.194486058105E+01  0.978514669497E-01  0.851103074151E-02
  0.695568636965E+02  0.150000000000E+01  0.194489117064E+01  0.977941522724E-01  0.850106330548E-02
  0.697683754929E+02  0.150000000000E+01  0.194444414836E+01  0.977239326477E-01  0.848885956634E-02
  0.699900768030E+02  0.150000000000E+01  0.194250099881E+01  0.976285100788E-01  0.847228976019E-02
  0.702075249130E+02  0.150000000000E+01  0.193977829132E+01  0.975052006208E-01  0.845090146498E-02
  0.704418310360E+02  0.150000000000E+01  0.193531528111E+01  0.973761861314E-01  0.842855255600E-02
  0.706540501804E+02  0.150000000000E+01  0.192964314085E+01  0.972727300835E-01  0.841065246035E-02
  0.708784110095E+02  0.150000000000E+01  0.192163047652E+01  0.971490178689E-01  0.838927259813E-02
  0.711271966502E+02  0.150000000000E+01  0.191718239733E+01  0.969740371947E-01  0.835907901320E-02
  0.713843933170E+02  0.150000000000E+01  0.191780973398E+01  0.968128516412E-01  0.833131399369E-02
  0.716299130854E+02  0.150000000000E+01  0.192064238310E+01  0.966927940580E-01  0.831066348689E-02
  0.718736450686E+02  0.150000000000E+01  0.192295088346E+01  0.965787561048E-01  0.829107211623E-02
  0.721056086035E+02  0.150000000000E+01  0.192268022802E+01  0.964900493493E-01  0.827584855415E-02
  0.723483447882E+02  0.150000000000E+01  0.191763381646E+01  0.963796516010E-01  0.825692199354E-02
  0.726093519038E+02  0.150000000000E+01  0.190987983099E+01  0.962920153144E-01  0.824191307849E-02
  0.728604083161E+02  0.150000000000E+01  0.190424503113E+01  0.961878141053E-01  0.822408496209E-02
  0.730841669670E+02  0.150000000000E+01  0.189910659991E+01  0.960212104527E-01  0.819562031716E-02
  0.733217036470E+02  0.150000000000E+01  0.189269655476E+01  0.958257614175E-01  0.816229026777E-02
  0.735611540771E+02  0.150000000000E+01  0.188693606779E+01  0.956622595861E-01  0.813446036367E-02
  0.737825602629E+02  0.150000000000E+01  0.188366830869E+01  0.955529777836E-01  0.811588583405E-02
  0.740280630017E+02  0.150000000000E+01  0.188205579850E+01  0.954571840360E-01  0.809962131918E-02
  0.742885371367E+02  0.150000000000E+01  0.188011669950E+01  0.953987878146E-01  0.808971441466E-02
  0.745490112716E+02  0.150000000000E+01  0.187793959117E+01  0.953779054347E-01  0.808617319566E-02
  0.748317140950E+02  0.150000000000E+01  0.187749014145E+01  0.953260843475E-01  0.807738876181E-02
  0.750912476549E+02  0.150000000000E+01  0.187729710711E+01  0.952937828824E-01  0.807191560537E-02
  0.753111423013E+02  0.150000000000E+01  0.187517663129E+01  0.952646625589E-01  0.806698305108E-02
  0.755523790619E+02  0.150000000000E+01  0.187200645802E+01  0.952302270912E-01  0.806115213498E-02
  0.758149829804E+02  0.150000000000E+01  0.186788505095E+01  0.952115079304E-01  0.805798332656E-02
  0.760838076148E+02  0.150000000000E+01  0.186205945330E+01  0.951462592206E-01  0.804694279438E-02
  0.763073025584E+02  0.150000000000E+01  0.185967186045E+01  0.950551741320E-01  0.803154322601E-02
  0.765231187187E+02  0.150000000000E+01  0.185823511881E+01  0.949682140679E-01  0.801685482955E-02
  0.767510656939E+02  0.150000000000E+01  0.185769806861E+01  0.948948771967E-01  0.800447797171E-02
  0.770027642349E+02  0.150000000000E+01  0.185843355782E+01  0.948393577764E-01  0.799511447417E-02
  0.772402074245E+02  0.150000000000E+01  0.186090568541E+01  0.947887056617E-01  0.798657664090E-02
  0.774643968995E+02  0.150000000000E+01  0.186346660551E+01  0.947291367533E-01  0.797654164446E-02
  0.776885863745E+02  0.150000000000E+01  0.186725984112E+01  0.946316522121E-01  0.796013297813E-02
  0.779246811608E+02  0.150000000000E+01  0.187303848153E+01  0.945891363600E-01  0.795298197096E-02
  0.781604888309E+02  0.150000000000E+01  0.187887601124E+01  0.945559093530E-01  0.794739554985E-02
  0.783962230471E+02  0.150000000000E+01  0.188448038113E+01  0.945230815886E-01  0.794187818044E-02
  0.786521738404E+02  0.150000000000E+01  0.188946583497E+01  0.944900136234E-01  0.793632237737E-02
  0.789359942867E+02  0.150000000000E+01  0.189397042864E+01  0.944288471704E-01  0.792605082483E-02
  0.791992968541E+02  0.150000000000E+01  0.189785716310E+01  0.943411125781E-01  0.791132935331E-02
  0.794222127911E+02  0.150000000000E+01  0.189883561082E+01  0.942857522748E-01  0.790204718402E-02
  0.796233302574E+02  0.150000000000E+01  0.189922209447E+01  0.942680873772E-01  0.789908648690E-02
  0.798424847617E+02  0.150000000000E+01  0.189951353035E+01  0.942676338044E-01  0.789901047386E-02
  0.800815389085E+02  0.150000000000E+01  0.189913293065E+01  0.942335615952E-01  0.789330144970E-02
  0.803249297355E+02  0.150000000000E+01  0.189769043257E+01  0.941845683770E-01  0.788509592921E-02
  0.805627454974E+02  0.150000000000E+01  0.189598498827E+01  0.940996623077E-01  0.787088573016E-02
  0.808163006926E+02  0.150000000000E+01  0.189527656887E+01  0.940290662688E-01  0.785908026968E-02
  0.810889089302E+02  0.150000000000E+01  0.189536631542E+01  0.940170601088E-01  0.785707341466E-02
  0.813235056933E+02  0.150000000000E+01  0.189513241078E+01  0.940843879289E-01  0.786833071284E-02
  0.815584715988E+02  0.150000000000E+01  0.189485044775E+01  0.941704560812E-01  0.788273315426E-02
  0.817865367828E+02  0.150000000000E+01  0.189561120795E+01  0.942305217767E-01  0.789279220827E-02
  0.820350937617E+02  0.150000000000E+01  0.189694590224E+01  0.942641824856E-01  0.789843208861E-02
  0.822970420616E+02  0.150000000000E+01  0.189703464612E+01  0.943284771775E-01  0.790921031700E-02
  0.825653075158E+02  0.150000000000E+01  0.189703743965E+01  0.944637177502E-01  0.793190575217E-02
  0.828387040773E+02  0.150000000000E+01  0.189768835987E+01  0.946059421392E-01  0.795580825603E-02
  0.830772012522E+02  0.150000000000E+01  0.189867751624E+01  0.947294773626E-01  0.797659900568E-02
  0.833294578835E+02  0.150000000000E+01  0.189950789745E+01  0.948495213056E-01  0.799682817058E-02
  0.835952552541E+02  0.150000000000E+01  0.189995017023E+01  0.949482460660E-01  0.801348393867E-02
  0.838452902823E+02  0.150000000000E+01  0.190067201191E+01  0.950352581548E-01  0.802817803783E-02
  0.841003287572E+02  0.150000000000E+01  0.190241904861E+01  0.951564053198E-01  0.804865908746E-02
  0.843727535847E+02  0.150000000000E+01  0.190352153639E+01  0.953808138692E-01  0.808666635942E-02
  0.846091607315E+02  0.150000000000E+01  0.190357860202E+01  0.955860025763E-01  0.812149678980E-02
  0.848454584781E+02  0.150000000000E+01  0.190230042529E+01  0.957670427550E-01  0.815229020271E-02
  0.850558925807E+02  0.150000000000E+01  0.190207697124E+01  0.959235494611E-01  0.817895763664E-02
  0.852710906190E+02  0.150000000000E+01  0.190301615080E+01  0.960663657864E-01  0.820333034259E-02
  0.855040648821E+02  0.150000000000E+01  0.190326943196E+01  0.961510749217E-01  0.821780374098E-02
  0.857416309234E+02  0.150000000000E+01  0.190353710874E+01  0.961593678858E-01  0.821922136195E-02
  0.859922718930E+02  0.150000000000E+01  0.190195331206E+01  0.960630852479E-01  0.820277008652E-02
  0.862417562179E+02  0.150000000000E+01  0.189971024998E+01  0.959234463046E-01  0.817894004529E-02
  0.864847964841E+02  0.150000000000E+01  0.189878366357E+01  0.957896815198E-01  0.815614496503E-02
  0.867177061006E+02  0.150000000000E+01  0.189898176256E+01  0.957238570698E-01  0.814493938872E-02
  0.869445969688E+02  0.150000000000E+01  0.189905853034E+01  0.956865056819E-01  0.813858432854E-02
  0.871701467456E+02  0.150000000000E+01  0.189900860287E+01  0.956221354801E-01  0.812763803891E-02
  0.873862694952E+02  0.150000000000E+01  0.189875518104E+01  0.955483251804E-01  0.811509550647E-02
  0.876258119842E+02  0.150000000000E+01  0.189700615951E+01  0.954718788393E-01  0.810211524365E-02
  0.878648348265E+02  0.150000000000E+01  0.189452484464E+01  0.954494364910E-01  0.809830660129E-02
  0.881030084355E+02  0.150000000000E+01  0.189271933699E+01  0.954859727060E-01  0.810450754099E-02
  0.883600695003E+02  0.150000000000E+01  0.189217323072E+01  0.955613944933E-01  0.811731566000E-02
  0.886053878762E+02  0.150000000000E+01  0.189324642242E+01  0.956641998193E-01  0.813479033517E-02
  0.888602881658E+02  0.150000000000E+01  0.189495295583E+01  0.957169326814E-01  0.814376106839E-02
  0.891426530913E+02  0.150000000000E+01  0.189658923852E+01  0.956826437839E-01  0.813792739687E-02
  0.894254081799E+02  0.150000000000E+01  0.189867728294E+01  0.956658370408E-01  0.813506877931E-02
  0.897017166957E+02  0.150000000000E+01  0.190072547868E+01  0.956512224121E-01  0.813258342127E-02
  0.899740861223E+02  0.150000000000E+01  0.190256995520E+01  0.956502934559E-01  0.813242545618E-02
  0.902281708778E+02  0.150000000000E+01  0.190361956165E+01  0.956599890694E-01  0.813407423001E-02
  0.904588620975E+02  0.150000000000E+01  0.190503871526E+01  0.956292113174E-01  0.812884093971E-02
  0.906952237951E+02  0.150000000000E+01  0.190726213901E+01  0.955881297381E-01  0.812185826385E-02
  0.909012316818E+02  0.150000000000E+01  0.190904198783E+01  0.955412445121E-01  0.811389280260E-02
  0.911259677396E+02  0.150000000000E+01  0.191032970121E+01  0.954741043429E-01  0.810249297784E-02
  0.913741469123E+02  0.150000000000E+01  0.191226654477E+01  0.953763649067E-01  0.808591198472E-02
  0.916433786451E+02  0.150000000000E+01  0.191520254267E+01  0.952842528467E-01  0.807030119160E-02
  0.919057427021E+02  0.150000000000E+01  0.191864081737E+01  0.952333731518E-01  0.806168476611E-02
  0.921681067590E+02  0.150000000000E+01  0.192215158905E+01  0.951902438091E-01  0.805438445906E-02
  0.924304708160E+02  0.150000000000E+01  0.192518604285E+01  0.951535227180E-01  0.804817145391E-02
  0.927171231637E+02  0.150000000000E+01  0.192688873180E+01  0.951457726646E-01  0.804686049417E-02
  0.929886934234E+02  0.150000000000E+01  0.192857048143E+01  0.951045023484E-01  0.803988121506E-02
  0.932723911976E+02  0.150000000000E+01  0.192850683716E+01  0.950623071124E-01  0.803274865203E-02
  0.935007415936E+02  0.150000000000E+01  0.192762738587E+01  0.950557089864E-01  0.803163360970E-02
  0.937186688532E+02  0.150000000000E+01  0.192718496478E+01  0.950843360583E-01  0.803647196768E-02
  0.939603091439E+02  0.150000000000E+01  0.192677345754E+01  0.951740823006E-01  0.805164972601E-02
  0.942273695956E+02  0.150000000000E+01  0.192567727020E+01  0.952798756945E-01  0.806955974432E-02
  0.945114007051E+02  0.150000000000E+01  0.192417231277E+01  0.952983104401E-01  0.807268264244E-02
  0.947724841686E+02  0.150000000000E+01  0.192403734556E+01  0.952634789991E-01  0.806678260534E-02
  0.950306051806E+02  0.150000000000E+01  0.192463787008E+01  0.952575309394E-01  0.806577528948E-02
  0.952720507023E+02  0.150000000000E+01  0.192607102046E+01  0.952813222889E-01  0.806980477966E-02
  0.955158977370E+02  0.150000000000E+01  0.192758185636E+01  0.952516486529E-01  0.806477917430E-02
  0.957572837985E+02  0.150000000000E+01  0.192896991935E+01  0.952175518119E-01  0.805900637604E-02
  0.959771818304E+02  0.150000000000E+01  0.192900248786E+01  0.952034717163E-01  0.805662313497E-02
  0.961763795530E+02  0.150000000000E+01  0.192814007244E+01  0.951683608875E-01  0.805068170134E-02
  0.963915151068E+02  0.150000000000E+01  0.192645686283E+01  0.950995355200E-01  0.803904147211E-02
  0.966224195399E+02  0.150000000000E+01  0.192493061162E+01  0.950141416422E-01  0.802461076623E-02
  0.968266724368E+02  0.150000000000E+01  0.192516187901E+01  0.949444636804E-01  0.801284549649E-02
  0.970448171283E+02  0.150000000000E+01  0.192611406492E+01  0.949091552010E-01  0.800688688086E-02
  0.972860581988E+02  0.150000000000E+01  0.192640343455E+01  0.949361753328E-01  0.801144656607E-02
  0.975354552262E+02  0.150000000000E+01  0.192679446911E+01  0.949893073871E-01  0.802041646034E-02
  0.978006239867E+02  0.150000000000E+01  0.192787928037E+01  0.950161794441E-01  0.802495498325E-02
  0.980608933654E+02  0.150000000000E+01  0.192935192652E+01  0.950016081924E-01  0.802249383035E-02
  0.983141023729E+02  0.150000000000E+01  0.193114182844E+01  0.950473287979E-01  0.803021752144E-02
  0.985744958710E+02  0.150000000000E+01  0.193195134258E+01  0.951112266568E-01  0.804101816548E-02
  0.988238345569E+02  0.150000000000E+01  0.193152388587E+01  0.952275001407E-01  0.806069047382E-02
  0.990731732429E+02  0.150000000000E+01  0.193116830022E+01  0.953379274889E-01  0.807939592700E-02
  0.993225119289E+02  0.150000000000E+01  0.193171349012E+01  0.953404379417E-01  0.807982142838E-02
  0.995718506149E+02  0.150000000000E+01  0.193390323441E+01  0.953720566467E-01  0.808518150135E-02
  0.998211893008E+02  0.150000000000E+01  0.193669544704E+01  0.954354121856E-01  0.809592702137E-02
  0.100067819272E+03  0.150000000000E+01  0.193928295809E+01  0.954550551165E-01  0.809926004204E-02
  0.100306079903E+03  0.150000000000E+01  0.194075158970E+01  0.954108541519E-01  0.809176096888E-02
  0.100568528351E+03  0.150000000000E+01  0.194039828222E+01  0.953768944681E-01  0.808600177633E-02
  0.100832569396E+03  0.150000000000E+01  0.194004419761E+01  0.954417013720E-01  0.809699409847E-02
  0.101107379522E+03  0.150000000000E+01  0.193995940399E+01  0.955057082634E-01  0.810785805413E-02
  0.101330879231E+03  0.150000000000E+01  0.193920885636E+01  0.954575467802E-01  0.809968287760E-02
  0.101559184412E+03  0.150000000000E+01  0.193794744089E+01  0.953344319962E-01  0.807880348803E-02
  0.101812344860E+03  0.150000000000E+01  0.193470854760E+01  0.951789229695E-01  0.805246878011E-02
  0.102078148028E+03  0.150000000000E+01  0.193108914641E+01  0.950420661186E-01  0.802932829519E-02
  0.102332885757E+03  0.150000000000E+01  0.192883825767E+01  0.949391267408E-01  0.801194469893E-02
  0.102602453133E+03  0.150000000000E+01  0.192685577815E+01  0.948911350132E-01  0.800384667030E-02
  0.102865474159E+03  0.150000000000E+01  0.192369548388E+01  0.949008100048E-01  0.800547887961E-02
  0.103137617537E+03  0.150000000000E+01  0.191789332943E+01  0.949688177877E-01  0.801695675733E-02
  0.103364381749E+03  0.150000000000E+01  0.191394703357E+01  0.950302045937E-01  0.802732425345E-02
  0.103564415608E+03  0.150000000000E+01  0.191089356087E+01  0.950794883348E-01  0.803565253511E-02
  0.103782142206E+03  0.150000000000E+01  0.190689118863E+01  0.950911938652E-01  0.803763124508E-02
  0.104002590477E+03  0.150000000000E+01  0.190243940420E+01  0.951070760003E-01  0.804031636029E-02
  0.104242997686E+03  0.150000000000E+01  0.189839393597E+01  0.951114407611E-01  0.804105436769E-02
  0.104484190007E+03  0.150000000000E+01  0.189641407737E+01  0.951385803070E-01  0.804564396697E-02
  0.104751354074E+03  0.150000000000E+01  0.189517102010E+01  0.951414321780E-01  0.804612632612E-02
  0.105042961011E+03  0.150000000000E+01  0.189309416539E+01  0.951268218294E-01  0.804365531677E-02
  0.105284795169E+03  0.150000000000E+01  0.189087151423E+01  0.951313488501E-01  0.804442091914E-02
  0.105514761549E+03  0.150000000000E+01  0.188916338140E+01  0.951991097496E-01  0.805588488633E-02
  0.105754021291E+03  0.150000000000E+01  0.188780583026E+01  0.952979385507E-01  0.807261963734E-02
  0.105984184441E+03  0.150000000000E+01  0.188745768139E+01  0.953738197545E-01  0.808548043961E-02
  0.106201395215E+03  0.150000000000E+01  0.188746831096E+01  0.954389204998E-01  0.809652226325E-02
  0.106436554928E+03  0.150000000000E+01  0.188737065708E+01  0.954549134679E-01  0.809923600460E-02
  0.106696110176E+03  0.150000000000E+01  0.188667733528E+01  0.954729595919E-01  0.810229867844E-02
  0.106945800995E+03  0.150000000000E+01  0.188651571778E+01  0.955240875333E-01  0.811097893251E-02
  0.107161547443E+03  0.150000000000E+01  0.188616723788E+01  0.955585366732E-01  0.811683016100E-02
  0.107393179135E+03  0.150000000000E+01  0.188630087181E+01  0.955964268645E-01  0.812326829268E-02
  0.107642472653E+03  0.150000000000E+01  0.188718821731E+01  0.955944058923E-01  0.812292483369E-02
  0.107888951686E+03  0.150000000000E+01  0.188803316163E+01  0.955645143227E-01  0.811784568687E-02
  0.108127344874E+03  0.150000000000E+01  0.188782098005E+01  0.955688479626E-01  0.811858195636E-02
  0.108376363828E+03  0.150000000000E+01  0.188549670384E+01  0.956090169606E-01  0.812540811038E-02
  0.108622775419E+03  0.150000000000E+01  0.188374996884E+01  0.956307743927E-01  0.812910667640E-02
  0.108842894416E+03  0.150000000000E+01  0.188262388073E+01  0.956164888627E-01  0.812667817104E-02
  0.109080206091E+03  0.150000000000E+01  0.188219153497E+01  0.956140554886E-01  0.812626453953E-02
  0.109330019410E+03  0.150000000000E+01  0.188267391431E+01  0.956192865234E-01  0.812715373800E-02
  0.109588045445E+03  0.150000000000E+01  0.188217424406E+01  0.955615590841E-01  0.811734362185E-02
  0.109836400840E+03  0.150000000000E+01  0.188114138986E+01  0.954662680069E-01  0.810116295748E-02
  0.110089567090E+03  0.150000000000E+01  0.188066833537E+01  0.954585612486E-01  0.809985503613E-02
  0.110360533458E+03  0.150000000000E+01  0.188197877667E+01  0.955271019198E-01  0.811149084550E-02
  0.110618593920E+03  0.150000000000E+01  0.188468623503E+01  0.955519714403E-01  0.811571488545E-02
  0.110832539470E+03  0.150000000000E+01  0.188747649791E+01  0.954834716458E-01  0.810408298447E-02
  0.111065036269E+03  0.150000000000E+01  0.189075112421E+01  0.953472023193E-01  0.808096799121E-02
  0.111317280866E+03  0.150000000000E+01  0.189424426950E+01  0.952550140313E-01  0.806534906498E-02
  0.111569525463E+03  0.150000000000E+01  0.189688700789E+01  0.952539005669E-01  0.806516050952E-02
  0.111814663620E+03  0.150000000000E+01  0.189972989726E+01  0.952673592999E-01  0.806743977598E-02
  0.112078091486E+03  0.150000000000E+01  0.190194658059E+01  0.952487606209E-01  0.806429013317E-02
  0.112333505406E+03  0.150000000000E+01  0.190295322573E+01  0.952486011237E-01  0.806426312535E-02
  0.112575094863E+03  0.150000000000E+01  0.190423750899E+01  0.952271138096E-01  0.806062507067E-02
  0.112833712878E+03  0.150000000000E+01  0.190631353129E+01  0.952053998773E-01  0.805694948071E-02
  0.113061847030E+03  0.150000000000E+01  0.190777297003E+01  0.952679753663E-01  0.806754411591E-02
  0.113291429780E+03  0.150000000000E+01  0.190845654863E+01  0.953855603360E-01  0.808747121832E-02
  0.113538281919E+03  0.150000000000E+01  0.190842691246E+01  0.955242428627E-01  0.811100531065E-02
  0.113803252304E+03  0.150000000000E+01  0.190842604147E+01  0.956125203292E-01  0.812600359440E-02
  0.114068222689E+03  0.150000000000E+01  0.190804577156E+01  0.957082583316E-01  0.814228507811E-02
  0.114322979718E+03  0.150000000000E+01  0.190721621802E+01  0.958489562232E-01  0.816624214141E-02
  0.114554140194E+03  0.150000000000E+01  0.190540229467E+01  0.959315303824E-01  0.818031868578E-02
  0.114809912218E+03  0.150000000000E+01  0.190218607721E+01  0.959438522628E-01  0.818242025514E-02
  0.115047789175E+03  0.150000000000E+01  0.190031069244E+01  0.959313861250E-01  0.818029408343E-02
  0.115293315143E+03  0.150000000000E+01  0.189863604433E+01  0.959033939537E-01  0.817552086385E-02
  0.115556027535E+03  0.150000000000E+01  0.189801464503E+01  0.958627502262E-01  0.816859278305E-02
  0.115839722274E+03  0.150000000000E+01  0.189805632319E+01  0.958391667947E-01  0.816457412613E-02
  0.116127157481E+03  0.150000000000E+01  0.189977584702E+01  0.957908453741E-01  0.815634316220E-02
  0.116395916754E+03  0.150000000000E+01  0.190152813646E+01  0.957321961644E-01  0.814635856219E-02
  0.116643340234E+03  0.150000000000E+01  0.190169770301E+01  0.956988387573E-01  0.814068243510E-02
  0.116864853083E+03  0.150000000000E+01  0.190111290695E+01  0.956858526584E-01  0.813847324352E-02
  0.117099910106E+03  0.150000000000E+01  0.190056797811E+01  0.956701800259E-01  0.813580741883E-02
  0.117356406469E+03  0.150000000000E+01  0.190044397544E+01  0.956684208941E-01  0.813550822788E-02
  0.117596200704E+03  0.150000000000E+01  0.189963463711E+01  0.956167077461E-01  0.812671537796E-02
  0.117816189814E+03  0.150000000000E+01  0.189826019244E+01  0.955644159668E-01  0.811782897695E-02
  0.118028492530E+03  0.150000000000E+01  0.189698473654E+01  0.955759104743E-01  0.811978192266E-02
  0.118223905636E+03  0.150000000000E+01  0.189599578632E+01  0.956284579652E-01  0.812871286471E-02
  0.118370560013E+03  0.150000000000E+01  0.189590694513E+01  0.956624615100E-01  0.813449470414E-02
  0.118529862812E+03  0.150000000000E+01  0.189650468633E+01  0.956933043043E-01  0.813974087882E-02
  0.118706499211E+03  0.150000000000E+01  0.189779171783E+01  0.957400281478E-01  0.814769154644E-02
  0.118897932917E+03  0.150000000000E+01  0.189982465161E+01  0.957766251439E-01  0.815392171019E-02
  0.119101649057E+03  0.150000000000E+01  0.190254614635E+01  0.957833930220E-01  0.815507411449E-02
  0.119326964089E+03  0.150000000000E+01  0.190409706751E+01  0.957759151499E-01  0.815380082027E-02
  0.119574975393E+03  0.150000000000E+01  0.190419725806E+01  0.957119351974E-01  0.814291070154E-02
  0.119821784380E+03  0.150000000000E+01  0.190364901206E+01  0.956602027656E-01  0.813411057170E-02
  0.120068593367E+03  0.150000000000E+01  0.190379078443E+01  0.956608939330E-01  0.813422811383E-02
  0.120332791757E+03  0.150000000000E+01  0.190579170933E+01  0.957295222172E-01  0.814590348794E-02
  0.120605173395E+03  0.150000000000E+01  0.190910450242E+01  0.957529871057E-01  0.814989736859E-02
  0.120891170544E+03  0.150000000000E+01  0.191312423709E+01  0.957165496221E-01  0.814369588583E-02
  0.121161607275E+03  0.150000000000E+01  0.191591911649E+01  0.956791102354E-01  0.813732634261E-02
  0.121443105301E+03  0.150000000000E+01  0.191850997910E+01  0.956510472803E-01  0.813255364073E-02
  0.121704030377E+03  0.150000000000E+01  0.192011181076E+01  0.956348246321E-01  0.812979527325E-02
  0.121964823640E+03  0.150000000000E+01  0.192283686535E+01  0.956105052018E-01  0.812566107106E-02
  0.122227151774E+03  0.150000000000E+01  0.192466623512E+01  0.956317139760E-01  0.812926641599E-02
  0.122479618181E+03  0.150000000000E+01  0.192575358039E+01  0.956448606502E-01  0.813150166114E-02
  0.122694308929E+03  0.150000000000E+01  0.192691330387E+01  0.955972573490E-01  0.812340943347E-02
  0.122930177146E+03  0.150000000000E+01  0.192844264717E+01  0.954864924149E-01  0.810459576328E-02
  0.123191704447E+03  0.150000000000E+01  0.192950246861E+01  0.953701250995E-01  0.808485401021E-02
  0.123461228777E+03  0.150000000000E+01  0.192760887083E+01  0.953317758717E-01  0.807835332521E-02
  0.123736325567E+03  0.150000000000E+01  0.192429557916E+01  0.953602033355E-01  0.808317189350E-02
  0.124007240762E+03  0.150000000000E+01  0.192016982026E+01  0.953858586977E-01  0.808752181288E-02
  0.124259469622E+03  0.150000000000E+01  0.191803574832E+01  0.953251483482E-01  0.807723014010E-02
  0.124461611895E+03  0.150000000000E+01  0.191625287876E+01  0.952485178359E-01  0.806424902217E-02
  0.124664883352E+03  0.150000000000E+01  0.191374680677E+01  0.952033865395E-01  0.805660871875E-02
  0.124886433825E+03  0.150000000000E+01  0.191217315692E+01  0.951974946982E-01  0.805561155273E-02
  0.125117372295E+03  0.150000000000E+01  0.191153337148E+01  0.952156244617E-01  0.805868012590E-02
  0.125350480194E+03  0.150000000000E+01  0.191052322220E+01  0.952263025886E-01  0.806048773751E-02
  0.125601564634E+03  0.150000000000E+01  0.190973655382E+01  0.952473817871E-01  0.806405665538E-02
  0.125879981362E+03  0.150000000000E+01  0.190978356451E+01  0.952089291024E-01  0.805754682739E-02
  0.126178675612E+03  0.150000000000E+01  0.190843516259E+01  0.951436894658E-01  0.804650812904E-02
  0.126468893098E+03  0.150000000000E+01  0.190497484612E+01  0.950999687939E-01  0.803911472410E-02
  0.126710647918E+03  0.150000000000E+01  0.190299629372E+01  0.950457108268E-01  0.802994413028E-02
  0.126950715742E+03  0.150000000000E+01  0.190327124048E+01  0.950059676633E-01  0.802323012590E-02
  0.127190783566E+03  0.150000000000E+01  0.190423938928E+01  0.949501652069E-01  0.801380788696E-02
  0.127430851390E+03  0.150000000000E+01  0.190444203282E+01  0.949120000305E-01  0.800736688871E-02
  0.127670919213E+03  0.150000000000E+01  0.190302292778E+01  0.948743411489E-01  0.800101387417E-02
  0.127934899995E+03  0.150000000000E+01  0.190148163494E+01  0.948867483416E-01  0.800310667630E-02
  0.128178280512E+03  0.150000000000E+01  0.190051571681E+01  0.949494596192E-01  0.801368878398E-02
  0.128434158669E+03  0.150000000000E+01  0.189957976077E+01  0.949941947576E-01  0.802124181124E-02
  0.128703162332E+03  0.150000000000E+01  0.189849524750E+01  0.949701158898E-01  0.801717592188E-02
  0.128972905833E+03  0.150000000000E+01  0.189663500626E+01  0.948761924297E-01  0.800132612440E-02
  0.129265597710E+03  0.150000000000E+01  0.189482519867E+01  0.948116341532E-01  0.799044086294E-02
  0.129553307050E+03  0.150000000000E+01  0.189563815253E+01  0.948202984944E-01  0.799190133917E-02
  0.129831778853E+03  0.150000000000E+01  0.189863874758E+01  0.947787570368E-01  0.798490025372E-02
  0.130093346043E+03  0.150000000000E+01  0.190144043301E+01  0.947003158489E-01  0.797168873057E-02
  0.130355006078E+03  0.150000000000E+01  0.190277641583E+01  0.946659430854E-01  0.796590291577E-02
  0.130616666112E+03  0.150000000000E+01  0.190360832222E+01  0.946716700990E-01  0.796686677275E-02
  0.130875367860E+03  0.150000000000E+01  0.190317389421E+01  0.947075134858E-01  0.797290054281E-02
  0.131099915640E+03  0.150000000000E+01  0.190219517849E+01  0.947150628061E-01  0.797417166433E-02
  0.131334591100E+03  0.150000000000E+01  0.190146071716E+01  0.947519234363E-01  0.798037955101E-02
  0.131590299119E+03  0.150000000000E+01  0.190169890249E+01  0.948125915555E-01  0.799060223775E-02
  0.131846007139E+03  0.150000000000E+01  0.190356820657E+01  0.948743307290E-01  0.800101211669E-02
  0.132110159525E+03  0.150000000000E+01  0.190628961594E+01  0.949319444519E-01  0.801073251327E-02
  0.132345433846E+03  0.150000000000E+01  0.190771129104E+01  0.949667820090E-01  0.801661305347E-02
  0.132587079080E+03  0.150000000000E+01  0.190811798522E+01  0.949771303618E-01  0.801836025935E-02
  0.132840736990E+03  0.150000000000E+01  0.190784693846E+01  0.949829682286E-01  0.801934600313E-02
  0.133103239582E+03  0.150000000000E+01  0.190840800416E+01  0.950512016228E-01  0.803087193773E-02
  0.133365742174E+03  0.150000000000E+01  0.190935067042E+01  0.951330767854E-01  0.804471315435E-02
  0.133628244766E+03  0.150000000000E+01  0.191019476284E+01  0.952452067372E-01  0.806368836125E-02
  0.133886900232E+03  0.150000000000E+01  0.191068181336E+01  0.953559506032E-01  0.808245094706E-02
  0.134096575868E+03  0.150000000000E+01  0.191107647251E+01  0.954251390936E-01  0.809418415203E-02
  0.134301259481E+03  0.150000000000E+01  0.191247913726E+01  0.954529245811E-01  0.809889849874E-02
  0.134528209423E+03  0.150000000000E+01  0.191489406771E+01  0.954720899966E-01  0.810215108295E-02
  0.134760125151E+03  0.150000000000E+01  0.191783200362E+01  0.955543686728E-01  0.811612210885E-02
  0.135006055132E+03  0.150000000000E+01  0.192151124009E+01  0.956455623559E-01  0.813162097633E-02
  0.135263867743E+03  0.150000000000E+01  0.192494781286E+01  0.956916129342E-01  0.813945314307E-02
  0.135516070578E+03  0.150000000000E+01  0.192740347636E+01  0.957119231487E-01  0.814290865140E-02
  0.135791200220E+03  0.150000000000E+01  0.192983870358E+01  0.957105842474E-01  0.814268083288E-02
  0.136051601653E+03  0.150000000000E+01  0.193230154839E+01  0.956554561295E-01  0.813330336652E-02
  0.136287790064E+03  0.150000000000E+01  0.193470133411E+01  0.956242584410E-01  0.812799893546E-02
  0.136547361911E+03  0.150000000000E+01  0.193596861065E+01  0.956170831747E-01  0.812677919541E-02
  0.136807005166E+03  0.150000000000E+01  0.193590661587E+01  0.956005461621E-01  0.812396837911E-02
  0.137068762336E+03  0.150000000000E+01  0.193595692898E+01  0.956046932053E-01  0.812467321144E-02
  0.137334462634E+03  0.150000000000E+01  0.193577011554E+01  0.955398250413E-01  0.811365170571E-02
  0.137586096626E+03  0.150000000000E+01  0.193622576480E+01  0.954825078889E-01  0.810391938911E-02
  0.137848138347E+03  0.150000000000E+01  0.193854291837E+01  0.954567931243E-01  0.809955498096E-02
  0.138088215288E+03  0.150000000000E+01  0.194082342168E+01  0.954757137680E-01  0.810276615068E-02
  0.138336812165E+03  0.150000000000E+01  0.194138309944E+01  0.955064516778E-01  0.810798427740E-02
  0.138582592043E+03  0.150000000000E+01  0.194094325213E+01  0.955313860931E-01  0.811221842565E-02
  0.138854207102E+03  0.150000000000E+01  0.194036471167E+01  0.955542989277E-01  0.811611026094E-02
  0.139147003756E+03  0.150000000000E+01  0.193940281722E+01  0.956018154664E-01  0.812418410709E-02
  0.139434679121E+03  0.150000000000E+01  0.193822495058E+01  0.956184289040E-01  0.812700795205E-02
  0.139739506989E+03  0.150000000000E+01  0.193702096792E+01  0.955873069742E-01  0.812171844851E-02
  0.140013414362E+03  0.150000000000E+01  0.193504750926E+01  0.955068932712E-01  0.810805925538E-02
  0.140287321735E+03  0.150000000000E+01  0.193399187005E+01  0.954277785477E-01  0.809463192759E-02
  0.140561229109E+03  0.150000000000E+01  0.193386407996E+01  0.953023936662E-01  0.807337443423E-02
  0.140838769790E+03  0.150000000000E+01  0.193477671243E+01  0.951810141133E-01  0.805282262011E-02
  0.141086669906E+03  0.150000000000E+01  0.193543022847E+01  0.951005898968E-01  0.803921973220E-02
  0.141319818890E+03  0.150000000000E+01  0.193470992530E+01  0.950184761938E-01  0.802534294950E-02
  0.141560005757E+03  0.150000000000E+01  0.193362964172E+01  0.949708601857E-01  0.801730158615E-02
  0.141817474840E+03  0.150000000000E+01  0.193229266379E+01  0.949434959787E-01  0.801268215881E-02
  0.142082720095E+03  0.150000000000E+01  0.193002810062E+01  0.948771028397E-01  0.800147968289E-02
  0.142376840694E+03  0.150000000000E+01  0.192783611657E+01  0.948686251365E-01  0.800004980915E-02
  0.142635276229E+03  0.150000000000E+01  0.192630721532E+01  0.948475212174E-01  0.799649091652E-02
  0.142858015634E+03  0.150000000000E+01  0.192477069242E+01  0.947734193368E-01  0.798400090026E-02
  0.143104175118E+03  0.150000000000E+01  0.192259601499E+01  0.946941542595E-01  0.797065142304E-02
  0.143373534360E+03  0.150000000000E+01  0.192017536032E+01  0.946541757170E-01  0.796392264947E-02
  0.143621787812E+03  0.150000000000E+01  0.191868286497E+01  0.946779904318E-01  0.796793055307E-02
  0.143881603061E+03  0.150000000000E+01  0.191706288735E+01  0.946915893993E-01  0.797021964708E-02
  0.144163667631E+03  0.150000000000E+01  0.191331256693E+01  0.947140598694E-01  0.797400278840E-02
  0.144430655570E+03  0.150000000000E+01  0.191022077425E+01  0.947608478402E-01  0.798188291857E-02
  0.144714965732E+03  0.150000000000E+01  0.190933556224E+01  0.948023965192E-01  0.798888389848E-02
  0.145006413782E+03  0.150000000000E+01  0.190968550065E+01  0.949509828770E-01  0.801394591050E-02
  0.145283934386E+03  0.150000000000E+01  0.190855925738E+01  0.950645630623E-01  0.803312991132E-02
  0.145536311160E+03  0.150000000000E+01  0.190664737126E+01  0.951201549666E-01  0.804252789410E-02
  0.145768207803E+03  0.150000000000E+01  0.190601680582E+01  0.952187348112E-01  0.805920663027E-02
  0.145977758524E+03  0.150000000000E+01  0.190561554084E+01  0.953659217318E-01  0.808414135800E-02
  0.146187309244E+03  0.150000000000E+01  0.190511332724E+01  0.955038873886E-01  0.810754889453E-02
  0.146406412559E+03  0.150000000000E+01  0.190336884991E+01  0.956017965654E-01  0.812418089470E-02
  0.146628757769E+03  0.150000000000E+01  0.190156356155E+01  0.956755247282E-01  0.813671647290E-02
  0.146849265779E+03  0.150000000000E+01  0.189865225301E+01  0.957574926255E-01  0.815066435015E-02
  0.147069642640E+03  0.150000000000E+01  0.189509753875E+01  0.958820959861E-01  0.817189007172E-02
  0.147308999207E+03  0.150000000000E+01  0.189290806368E+01  0.959897974343E-01  0.819025885465E-02
  0.147573811117E+03  0.150000000000E+01  0.189184488613E+01  0.960084179922E-01  0.819343673367E-02
  0.147820592847E+03  0.150000000000E+01  0.189268227716E+01  0.960023650084E-01  0.819240363308E-02
  0.148030789528E+03  0.150000000000E+01  0.189482785799E+01  0.959751052735E-01  0.818775185090E-02
  0.148248516621E+03  0.150000000000E+01  0.189767715450E+01  0.959244661968E-01  0.817911396901E-02
  0.148465049444E+03  0.150000000000E+01  0.190124918937E+01  0.958821040078E-01  0.817189143907E-02
  0.148705150275E+03  0.150000000000E+01  0.190538649241E+01  0.958519320044E-01  0.816674921686E-02
  0.148971384028E+03  0.150000000000E+01  0.190902358127E+01  0.957924087966E-01  0.815660940715E-02
  0.149259525319E+03  0.150000000000E+01  0.191317210255E+01  0.957615081584E-01  0.815134795091E-02
  0.149546073838E+03  0.150000000000E+01  0.191804178153E+01  0.958371422798E-01  0.816422919143E-02
  0.149817002001E+03  0.150000000000E+01  0.192211988046E+01  0.959270323003E-01  0.817955157862E-02
  0.150090989632E+03  0.150000000000E+01  0.192481657335E+01  0.960003669814E-01  0.819206263161E-02
  0.150351756391E+03  0.150000000000E+01  0.192740135448E+01  0.960782872982E-01  0.820536648014E-02
  0.150610023218E+03  0.150000000000E+01  0.192956697025E+01  0.961138035780E-01  0.821143398954E-02
  0.150895059007E+03  0.150000000000E+01  0.193154093071E+01  0.960678895874E-01  0.820359058648E-02
  0.151179200679E+03  0.150000000000E+01  0.193050727509E+01  0.959950876202E-01  0.819116164197E-02
  0.151449142077E+03  0.150000000000E+01  0.192842262403E+01  0.959611215831E-01  0.818536609376E-02
  0.151710365177E+03  0.150000000000E+01  0.192502642601E+01  0.959819786138E-01  0.818892463877E-02
  0.151953295989E+03  0.150000000000E+01  0.192195131106E+01  0.959246235648E-01  0.817914080538E-02
  0.152217329171E+03  0.150000000000E+01  0.191980494738E+01  0.958229935189E-01  0.816181874394E-02
  0.152491021527E+03  0.150000000000E+01  0.191885828290E+01  0.957457009794E-01  0.814865711647E-02
  0.152783682466E+03  0.150000000000E+01  0.191890752575E+01  0.956531320734E-01  0.813290815596E-02
  0.153064763492E+03  0.150000000000E+01  0.191904107224E+01  0.955256841737E-01  0.811125007721E-02
  0.153303424417E+03  0.150000000000E+01  0.191872754089E+01  0.954100069910E-01  0.809161727468E-02
  0.153538474715E+03  0.150000000000E+01  0.191896057797E+01  0.952968149162E-01  0.807242927393E-02
  0.153798276800E+03  0.150000000000E+01  0.191963176127E+01  0.951510491204E-01  0.804775302108E-02
  0.154086289630E+03  0.150000000000E+01  0.191984468905E+01  0.949666769682E-01  0.801659531946E-02
  0.154365547364E+03  0.150000000000E+01  0.192119669536E+01  0.948962515907E-01  0.800470983641E-02
  0.154637747687E+03  0.150000000000E+01  0.192403316636E+01  0.948884027507E-01  0.800338575696E-02
  0.154869871087E+03  0.150000000000E+01  0.192573053803E+01  0.948428377113E-01  0.799570121344E-02
  0.155065494213E+03  0.150000000000E+01  0.192684780906E+01  0.948221034922E-01  0.799220560950E-02
  0.155264726944E+03  0.150000000000E+01  0.192685277722E+01  0.948126006768E-01  0.799060377520E-02
  0.155476538745E+03  0.150000000000E+01  0.192522339658E+01  0.947527026856E-01  0.798051081442E-02
  0.155710790195E+03  0.150000000000E+01  0.192304092519E+01  0.947002880555E-01  0.797168405138E-02
  0.155947120439E+03  0.150000000000E+01  0.192278919110E+01  0.946700271114E-01  0.796659025181E-02
  0.156175626681E+03  0.150000000000E+01  0.192355680694E+01  0.946679815536E-01  0.796624598349E-02
  0.156420418518E+03  0.150000000000E+01  0.192631557107E+01  0.946890471053E-01  0.796979168152E-02
  0.156691861065E+03  0.150000000000E+01  0.193130737411E+01  0.947507173305E-01  0.798017638636E-02
  0.156940788608E+03  0.150000000000E+01  0.193486678110E+01  0.948065373403E-01  0.798958179775E-02
  0.157211375433E+03  0.150000000000E+01  0.193611013193E+01  0.948102933357E-01  0.799021486435E-02
  0.157473614914E+03  0.150000000000E+01  0.193608422869E+01  0.948490246580E-01  0.799674442540E-02
  0.157731046315E+03  0.150000000000E+01  0.193548467092E+01  0.948972270990E-01  0.800487440984E-02
  0.157976390475E+03  0.150000000000E+01  0.193490506070E+01  0.949693774417E-01  0.801705124592E-02
  0.158237983368E+03  0.150000000000E+01  0.193578451687E+01  0.950144846741E-01  0.802466870923E-02
  0.158489084737E+03  0.150000000000E+01  0.193733061000E+01  0.950130441049E-01  0.802442537785E-02
  0.158710857210E+03  0.150000000000E+01  0.193813269484E+01  0.949912494449E-01  0.802074441875E-02
  0.158938370257E+03  0.150000000000E+01  0.193840206253E+01  0.949219619531E-01  0.800904787647E-02
  0.159172925973E+03  0.150000000000E+01  0.193786375926E+01  0.948105737571E-01  0.799026212991E-02
  0.159426795045E+03  0.150000000000E+01  0.193757089452E+01  0.947158966179E-01  0.797431206412E-02
  0.159673183189E+03  0.150000000000E+01  0.193766825306E+01  0.947095574791E-01  0.797324469145E-02
  0.159934824282E+03  0.150000000000E+01  0.193788015588E+01  0.947513550799E-01  0.798028381287E-02
  0.160217040821E+03  0.150000000000E+01  0.193931656487E+01  0.948001009679E-01  0.798849701647E-02
  0.160504937910E+03  0.150000000000E+01  0.194016729096E+01  0.948184735285E-01  0.799159370869E-02
  0.160795356747E+03  0.150000000000E+01  0.193942612907E+01  0.948060025611E-01  0.798949166365E-02
  0.161090465978E+03  0.150000000000E+01  0.194018973207E+01  0.947864069647E-01  0.798618928470E-02
  0.161410199776E+03  0.150000000000E+01  0.194169888282E+01  0.948033559424E-01  0.798904559817E-02
  0.161710125576E+03  0.150000000000E+01  0.194266033706E+01  0.948090433253E-01  0.799000417446E-02
  0.161962788477E+03  0.150000000000E+01  0.194311360298E+01  0.947857199971E-01  0.798607352477E-02
  0.162212746695E+03  0.150000000000E+01  0.194479538164E+01  0.947602883180E-01  0.798178865966E-02
  0.162462704913E+03  0.150000000000E+01  0.194704271454E+01  0.947927217735E-01  0.798725342331E-02
  0.162724482260E+03  0.150000000000E+01  0.194879580791E+01  0.948561752989E-01  0.799795021541E-02
  0.163006411822E+03  0.150000000000E+01  0.194949073972E+01  0.949167204066E-01  0.800816338911E-02
  0.163295710245E+03  0.150000000000E+01  0.194898922405E+01  0.949637274129E-01  0.801609735480E-02
  0.163571880570E+03  0.150000000000E+01  0.194853946397E+01  0.949971798575E-01  0.802174593855E-02
  0.163836511845E+03  0.150000000000E+01  0.194829532855E+01  0.949630080296E-01  0.801597590581E-02
  0.164084805591E+03  0.150000000000E+01  0.194800544105E+01  0.949206357919E-01  0.800882408812E-02
  0.164280904979E+03  0.150000000000E+01  0.194719217913E+01  0.948745802631E-01  0.800105420453E-02
  0.164496709821E+03  0.150000000000E+01  0.194643421320E+01  0.948316531841E-01  0.799381550722E-02
  0.164736015811E+03  0.150000000000E+01  0.194617639812E+01  0.948115496079E-01  0.799042661249E-02
  0.165001381961E+03  0.150000000000E+01  0.194649526887E+01  0.948531218271E-01  0.799743530698E-02
  0.165245278747E+03  0.150000000000E+01  0.194767992422E+01  0.949201751067E-01  0.800874634870E-02
  0.165490542318E+03  0.150000000000E+01  0.194851745512E+01  0.949944734292E-01  0.802128887297E-02
  0.165760264035E+03  0.150000000000E+01  0.194673899906E+01  0.950559902847E-01  0.803168114577E-02
  0.166001195614E+03  0.150000000000E+01  0.194488300385E+01  0.951186168805E-01  0.804226780200E-02
  0.166228641100E+03  0.150000000000E+01  0.194378609934E+01  0.952179065815E-01  0.805906643001E-02
  0.166480830602E+03  0.150000000000E+01  0.194316371352E+01  0.953144381321E-01  0.807541521462E-02
  0.166758319050E+03  0.150000000000E+01  0.194296310412E+01  0.953703220887E-01  0.808488740915E-02
  0.167024125267E+03  0.150000000000E+01  0.194297213511E+01  0.954075917005E-01  0.809120760364E-02
  0.167286826081E+03  0.150000000000E+01  0.194397490475E+01  0.954481087841E-01  0.809808130708E-02
  0.167549526895E+03  0.150000000000E+01  0.194555351723E+01  0.955157845203E-01  0.810956897113E-02
  0.167823119396E+03  0.150000000000E+01  0.194289906397E+01  0.955683760369E-01  0.811850177629E-02
  0.168060191712E+03  0.150000000000E+01  0.193922238035E+01  0.956135743617E-01  0.812618275753E-02
  0.168228604808E+03  0.150000000000E+01  0.193784810266E+01  0.956431924058E-01  0.813121800317E-02
  0.168400983102E+03  0.150000000000E+01  0.193711344406E+01  0.956616632283E-01  0.813435894365E-02
  0.168591899145E+03  0.150000000000E+01  0.193659133874E+01  0.956549283179E-01  0.813321361023E-02
  0.168803595686E+03  0.150000000000E+01  0.193576047954E+01  0.956170670621E-01  0.812677645650E-02
  0.169038334350E+03  0.150000000000E+01  0.193491646388E+01  0.955571392162E-01  0.811659276016E-02
  0.169298622877E+03  0.150000000000E+01  0.193483155826E+01  0.954310799113E-01  0.809519201159E-02
  0.169540940946E+03  0.150000000000E+01  0.193564863603E+01  0.952645696271E-01  0.806696731221E-02
  0.169758384657E+03  0.150000000000E+01  0.193638827267E+01  0.951231103268E-01  0.804302766066E-02
  0.169996968673E+03  0.150000000000E+01  0.193638802815E+01  0.950306572590E-01  0.802740072806E-02
  0.170233876193E+03  0.150000000000E+01  0.193707078944E+01  0.950279580974E-01  0.802694472903E-02
  0.170457567137E+03  0.150000000000E+01  0.193835993584E+01  0.950558439987E-01  0.803165642517E-02
  0.170693768897E+03  0.150000000000E+01  0.193907099352E+01  0.950013444500E-01  0.802244928649E-02
  0.170955685067E+03  0.150000000000E+01  0.193959049775E+01  0.948558718692E-01  0.799789904717E-02
  0.171242582137E+03  0.150000000000E+01  0.194123046351E+01  0.947158734323E-01  0.797430816003E-02
  0.171513680234E+03  0.150000000000E+01  0.194287990095E+01  0.946757298334E-01  0.796755006177E-02
  0.171756449590E+03  0.150000000000E+01  0.194440206619E+01  0.946700585108E-01  0.796659553639E-02
  0.172025636622E+03  0.150000000000E+01  0.194729608675E+01  0.946279044181E-01  0.795950248406E-02
  0.172310886329E+03  0.150000000000E+01  0.195016026452E+01  0.946177889885E-01  0.795780088273E-02
  0.172595748610E+03  0.150000000000E+01  0.195085942785E+01  0.946242214363E-01  0.795888291771E-02
  0.172855002133E+03  0.150000000000E+01  0.194983968848E+01  0.946485859306E-01  0.796298206104E-02
  0.173091805570E+03  0.150000000000E+01  0.194887565745E+01  0.946420368386E-01  0.796188012174E-02
  0.173339883569E+03  0.150000000000E+01  0.194938442257E+01  0.946546425844E-01  0.796400121136E-02
  0.173608167453E+03  0.150000000000E+01  0.195047079379E+01  0.947221630566E-01  0.797536726589E-02
  0.173870026666E+03  0.150000000000E+01  0.194913812264E+01  0.947513399441E-01  0.798028126329E-02
  0.174106024315E+03  0.150000000000E+01  0.194736607123E+01  0.947668010264E-01  0.798288584602E-02
  0.174312186592E+03  0.150000000000E+01  0.194608151700E+01  0.948043080542E-01  0.798920606722E-02
  0.174524557908E+03  0.150000000000E+01  0.194645134649E+01  0.948334119844E-01  0.799411202543E-02
  0.174753490994E+03  0.150000000000E+01  0.194700003148E+01  0.948445684273E-01  0.799599303126E-02
  0.175005971538E+03  0.150000000000E+01  0.194641069041E+01  0.948640725937E-01  0.799928201695E-02
  0.175256218794E+03  0.150000000000E+01  0.194468254034E+01  0.948975940380E-01  0.800493631485E-02
  0.175520033615E+03  0.150000000000E+01  0.194096331888E+01  0.949703458712E-01  0.801721475101E-02
  0.175758998618E+03  0.150000000000E+01  0.193822963717E+01  0.950266767242E-01  0.802672825710E-02
  0.175983583190E+03  0.150000000000E+01  0.193570382922E+01  0.950789186783E-01  0.803555624625E-02
  0.176199082898E+03  0.150000000000E+01  0.193220674558E+01  0.951189958404E-01  0.804233188417E-02
  0.176429739526E+03  0.150000000000E+01  0.192961220374E+01  0.951700254301E-01  0.805096332476E-02
  0.176666891976E+03  0.150000000000E+01  0.192878788477E+01  0.951617685881E-01  0.804956640073E-02
  0.176905468316E+03  0.150000000000E+01  0.192766172525E+01  0.951161439452E-01  0.804184963467E-02
  0.177166352258E+03  0.150000000000E+01  0.192661384830E+01  0.950395894503E-01  0.802890983367E-02
  0.177427236200E+03  0.150000000000E+01  0.192549465943E+01  0.949830970139E-01  0.801936774964E-02
  0.177690677219E+03  0.150000000000E+01  0.192370671831E+01  0.949893401911E-01  0.802042199995E-02
  0.177962570079E+03  0.150000000000E+01  0.192137093695E+01  0.949889861720E-01  0.802036221687E-02
  0.178222041763E+03  0.150000000000E+01  0.192140598862E+01  0.949458725374E-01  0.801308329945E-02
  0.178485778428E+03  0.150000000000E+01  0.192215591181E+01  0.949162566751E-01  0.800808513886E-02
  0.178739007821E+03  0.150000000000E+01  0.192215110813E+01  0.949137716014E-01  0.800766581298E-02
