  0.500000000000E-02  0.502475000000E+00  0.713362888278E+00  0.423949477290E-01  0.142373540873E-01
  0.100000000000E-01  0.504975000000E+00  0.715875104816E+00  0.457345854551E-01  0.164051321746E-01
  0.150000000000E-01  0.507475000000E+00  0.718389877143E+00  0.481396755633E-01  0.179972856281E-01
  0.200000000000E-01  0.509975000000E+00  0.720906716465E+00  0.500783703921E-01  0.192855752878E-01
  0.250000000000E-01  0.512475000000E+00  0.723425341096E+00  0.517270779333E-01  0.203760744593E-01
  0.300000000000E-01  0.514975000000E+00  0.725945561217E+00  0.531744297984E-01  0.213237403780E-01
  0.350000000000E-01  0.517475000000E+00  0.728467237584E+00  0.544721748289E-01  0.221615779250E-01
  0.400000000000E-01  0.519975000000E+00  0.730990262367E+00  0.556535225200E-01  0.229113343866E-01
  0.450000000000E-01  0.522475000000E+00  0.733514548843E+00  0.567412278625E-01  0.235882882094E-01
  0.500000000000E-01  0.524975000000E+00  0.736040025294E+00  0.577516537562E-01  0.242036910836E-01
  0.550000000000E-01  0.527475000000E+00  0.738566631113E+00  0.586970118844E-01  0.247661340926E-01
  0.600000000000E-01  0.529975000000E+00  0.741094314207E+00  0.595866887440E-01  0.252823670982E-01
  0.650000000000E-01  0.532475000000E+00  0.743623029165E+00  0.604280746624E-01  0.257578177191E-01
  0.700000000000E-01  0.534975000000E+00  0.746152735945E+00  0.612271055559E-01  0.261969347930E-01
  0.750000000000E-01  0.537475000000E+00  0.748683398890E+00  0.619886301266E-01  0.266034240531E-01
  0.800000000000E-01  0.539975000000E+00  0.751214985984E+00  0.627166664813E-01  0.269804148264E-01
  0.850000000000E-01  0.542475000000E+00  0.753747468269E+00  0.634145862100E-01  0.273305810301E-01
  0.900000000000E-01  0.544975000000E+00  0.756280819391E+00  0.640852494334E-01  0.276562309735E-01
  0.950000000000E-01  0.547475000000E+00  0.758815015227E+00  0.647311058387E-01  0.279593753146E-01
  0.100000000000E+00  0.549975000000E+00  0.761350033591E+00  0.653542715841E-01  0.282417793714E-01
  0.105000000000E+00  0.552475000000E+00  0.763885853985E+00  0.659565887373E-01  0.285050040044E-01
  0.110000000000E+00  0.554975000000E+00  0.766422457399E+00  0.665396718448E-01  0.287504380006E-01
  0.115000000000E+00  0.557475000000E+00  0.768959826134E+00  0.671049448700E-01  0.289793240405E-01
  0.120000000000E+00  0.559975000000E+00  0.771497943664E+00  0.676536708158E-01  0.291927797490E-01
  0.125000000000E+00  0.562475000000E+00  0.774036794507E+00  0.681869757227E-01  0.293918149304E-01
  0.130000000000E+00  0.564975000000E+00  0.776576364123E+00  0.687058682885E-01  0.295773458096E-01
  0.135000000000E+00  0.567475000000E+00  0.779116638820E+00  0.692112560439E-01  0.297502068967E-01
  0.140000000000E+00  0.569975000000E+00  0.781657605675E+00  0.697039587917E-01  0.299111609476E-01
  0.145000000000E+00  0.572475000000E+00  0.784199252467E+00  0.701847198529E-01  0.300609073857E-01
  0.150000000000E+00  0.574975000000E+00  0.786741567613E+00  0.706542155389E-01  0.302000894685E-01
  0.155000000000E+00  0.577475000000E+00  0.789284540115E+00  0.711130631801E-01  0.303293004233E-01
  0.160000000000E+00  0.579975000000E+00  0.791828159513E+00  0.715618279677E-01  0.304490887298E-01
  0.165000000000E+00  0.582475000000E+00  0.794372415842E+00  0.720010288175E-01  0.305599626926E-01
  0.170000000000E+00  0.584975000000E+00  0.796917299597E+00  0.724311434183E-01  0.306623944178E-01
  0.175000000000E+00  0.587475000000E+00  0.799462801692E+00  0.728526126002E-01  0.307568232874E-01
  0.180000000000E+00  0.589975000000E+00  0.802008913439E+00  0.732658441305E-01  0.308436590088E-01
  0.185000000000E+00  0.592475000000E+00  0.804555626510E+00  0.736712160255E-01  0.309232843008E-01
  0.190000000000E+00  0.594975000000E+00  0.807102932924E+00  0.740690794514E-01  0.309960572696E-01
  0.195000000000E+00  0.597475000000E+00  0.809650825012E+00  0.744597612746E-01  0.310623135178E-01
  0.200000000000E+00  0.599975000000E+00  0.812199295407E+00  0.748435663121E-01  0.311223680228E-01
  0.205000000000E+00  0.602475000000E+00  0.814748337018E+00  0.752207793226E-01  0.311765168144E-01
  0.255550000000E+00  0.627722250000E+00  0.840521963430E+00  0.786932691863E-01  0.314318632014E-01
  0.261704395000E+00  0.630796395000E+00  0.843663803805E+00  0.790899737466E-01  0.314408626293E-01
  0.268528996900E+00  0.634205307675E+00  0.847148677027E+00  0.795184782323E-01  0.314417254796E-01
  0.276096783038E+00  0.637985439759E+00  0.851014121163E+00  0.799836649844E-01  0.314348260765E-01
  0.284488676265E+00  0.642177211679E+00  0.855301802945E+00  0.804886959068E-01  0.314188291964E-01
  0.293794409927E+00  0.646825444600E+00  0.860057973504E+00  0.810364356317E-01  0.313918178070E-01
  0.304113487011E+00  0.651979839502E+00  0.865333976350E+00  0.816296816842E-01  0.313514670734E-01
  0.315556243693E+00  0.657695508403E+00  0.871186812635E+00  0.822712168335E-01  0.312950813891E-01
  0.328245028654E+00  0.664033563404E+00  0.877679770038E+00  0.829638168603E-01  0.312196033860E-01
  0.342315510756E+00  0.671061769854E+00  0.884883122521E+00  0.837102436508E-01  0.311216211632E-01
  0.357918129075E+00  0.678855270605E+00  0.892874909056E+00  0.845132327949E-01  0.309973835069E-01
  0.375219700743E+00  0.687497389107E+00  0.901741800388E+00  0.853754792965E-01  0.308428284934E-01
  0.394405203817E+00  0.697080519904E+00  0.911580063968E+00  0.862996231926E-01  0.306536293456E-01
  0.415679754187E+00  0.707707116069E+00  0.922496638406E+00  0.872882361690E-01  0.304252605654E-01
  0.439270797674E+00  0.719490784100E+00  0.934610330120E+00  0.883438099312E-01  0.301530865517E-01
  0.465430540701E+00  0.732557497992E+00  0.948053146390E+00  0.894687468829E-01  0.298324738808E-01
  0.494438645543E+00  0.747046945454E+00  0.962971780712E+00  0.906653535063E-01  0.294589270812E-01
  0.526605218907E+00  0.763114020631E+00  0.979529268278E+00  0.919358366911E-01  0.290282460507E-01
  0.562274125801E+00  0.780930479307E+00  0.997906831566E+00  0.932823031235E-01  0.285367012846E-01
  0.601826664062E+00  0.800686774243E+00  0.101830593844E+01  0.947067617134E-01  0.279812209063E-01
  0.645685638818E+00  0.822594090264E+00  0.104095059793E+01  0.962111289252E-01  0.273595812919E-01
  0.694319880386E+00  0.846886600842E+00  0.106608992191E+01  0.977972367767E-01  0.266705910731E-01
  0.748249253869E+00  0.873823970255E+00  0.109400098450E+01  0.994668431974E-01  0.259142567707E-01
  0.808050213966E+00  0.903694128069E+00  0.112499201472E+01  0.101221644387E+00  0.250919175350E-01
  0.874361964312E+00  0.936816345561E+00  0.115940596269E+01  0.103063288785E+00  0.242063367048E-01
  0.947893287145E+00  0.973544646952E+00  0.119762448439E+01  0.104993392274E+00  0.232617393369E-01
  0.102943011623E+01  0.101427159187E+01  0.124007239582E+01  0.107013554239E+00  0.222637875518E-01
  0.111984393395E+01  0.105943246944E+01  0.128722265355E+01  0.109125374152E+00  0.212194893875E-01
  0.122010108215E+01  0.110950994881E+01  0.133960192612E+01  0.111330468442E+00  0.201370415822E-01
  0.133127308636E+01  0.116503923577E+01  0.139779682803E+01  0.113630487159E+00  0.190256117341E-01
  0.145454810340E+01  0.122661379047E+01  0.146246089774E+01  0.116027131642E+00  0.178950708255E-01
  0.159124361484E+01  0.129489166746E+01  0.153432240998E+01  0.118522166694E+00  0.167556888726E-01
  0.174282050175E+01  0.137060254552E+01  0.161419312419E+01  0.121117452874E+00  0.156178190031E-01
  0.191089865104E+01  0.145455552257E+01  0.170297808254E+01  0.123814908345E+00  0.144915643454E-01
  0.209727426011E+01  0.150000000000E+01  0.175364554648E+01  0.113709558165E+00  0.114932121049E-01
  0.230393902449E+01  0.150000000000E+01  0.175834405057E+01  0.105960248277E+00  0.998006596881E-02
  0.253310141348E+01  0.150000000000E+01  0.176296105245E+01  0.100884307186E+00  0.904679416562E-02
  0.278721026086E+01  0.150000000000E+01  0.176762741052E+01  0.968928805921E-01  0.834509360839E-02
  0.306898092256E+01  0.150000000000E+01  0.177240848367E+01  0.935306935965E-01  0.777599168412E-02
  0.338142428068E+01  0.150000000000E+01  0.177734810501E+01  0.905923323738E-01  0.729508505327E-02
  0.372787890341E+01  0.150000000000E+01  0.178248000640E+01  0.879649532019E-01  0.687807377051E-02
  0.408863371696E+01  0.150000000000E+01  0.178751467636E+01  0.857118881300E-01  0.653024690383E-02
  0.444938853051E+01  0.150000000000E+01  0.179228914915E+01  0.838120467964E-01  0.624396372285E-02
  0.481014334405E+01  0.150000000000E+01  0.179684244853E+01  0.821767098248E-01  0.600267701123E-02
  0.517089815760E+01  0.150000000000E+01  0.180120299798E+01  0.807466236311E-01  0.579557086918E-02
  0.553165297114E+01  0.150000000000E+01  0.180539227865E+01  0.794802219558E-01  0.561520505079E-02
  0.589240778469E+01  0.150000000000E+01  0.180942703890E+01  0.783472238099E-01  0.545625553663E-02
  0.625316259824E+01  0.150000000000E+01  0.181332070952E+01  0.773248950911E-01  0.531479057854E-02
  0.661391741178E+01  0.150000000000E+01  0.181708436682E+01  0.763957405343E-01  0.518783037491E-02
  0.697467222533E+01  0.150000000000E+01  0.182072742618E+01  0.755460137019E-01  0.507306683223E-02
  0.733542703888E+01  0.150000000000E+01  0.182425816308E+01  0.747647194549E-01  0.496867846681E-02
  0.769618185242E+01  0.150000000000E+01  0.182768412143E+01  0.740429260675E-01  0.487320435612E-02
  0.805693666597E+01  0.150000000000E+01  0.183101246671E+01  0.733732794056E-01  0.478545611621E-02
  0.841769147951E+01  0.150000000000E+01  0.183425035266E+01  0.727496530073E-01  0.470445512239E-02
  0.877844629306E+01  0.150000000000E+01  0.183740535056E+01  0.721668916294E-01  0.462938688662E-02
  0.913920110661E+01  0.150000000000E+01  0.184048590855E+01  0.716206199970E-01  0.455956729667E-02
  0.949995592015E+01  0.150000000000E+01  0.184350168229E+01  0.711070973706E-01  0.449441715241E-02
  0.986071073370E+01  0.150000000000E+01  0.184646349705E+01  0.706231044828E-01  0.443344256603E-02
  0.102214655472E+02  0.150000000000E+01  0.184938278153E+01  0.701658536568E-01  0.437621957279E-02
  0.105822203608E+02  0.150000000000E+01  0.185227057050E+01  0.697329160593E-01  0.432238185078E-02
  0.109429751743E+02  0.150000000000E+01  0.185513643048E+01  0.693221622539E-01  0.427161082627E-02
  0.113037299879E+02  0.150000000000E+01  0.185798769760E+01  0.689317136592E-01  0.422362768711E-02
  0.116644848014E+02  0.150000000000E+01  0.186082920983E+01  0.685599033246E-01  0.417818697233E-02
  0.120252396150E+02  0.150000000000E+01  0.186366346574E+01  0.682052447437E-01  0.413507147604E-02
  0.123859944285E+02  0.150000000000E+01  0.186649102708E+01  0.678664074253E-01  0.409408822828E-02
  0.127467492421E+02  0.150000000000E+01  0.186931101119E+01  0.675421978657E-01  0.405506532669E-02
  0.131075040556E+02  0.150000000000E+01  0.187212159589E+01  0.672315445985E-01  0.401784941254E-02
  0.134682588692E+02  0.150000000000E+01  0.187492049912E+01  0.669334861793E-01  0.398230361966E-02
  0.138290136827E+02  0.150000000000E+01  0.187770537224E+01  0.666471612473E-01  0.394830586874E-02
  0.141897684963E+02  0.150000000000E+01  0.188047398287E+01  0.663718000610E-01  0.391574741630E-02
  0.145505233098E+02  0.150000000000E+01  0.188322401882E+01  0.661067170135E-01  0.388453158605E-02
  0.149112781233E+02  0.150000000000E+01  0.188595242156E+01  0.658513035613E-01  0.385457260508E-02
  0.152720329369E+02  0.150000000000E+01  0.188865444895E+01  0.656050208690E-01  0.382579445619E-02
  0.156327877504E+02  0.150000000000E+01  0.189132308629E+01  0.653673915564E-01  0.379812967012E-02
  0.159935425640E+02  0.150000000000E+01  0.189394958081E+01  0.651379903780E-01  0.377151803599E-02
  0.163542973775E+02  0.150000000000E+01  0.189652538333E+01  0.649164343115E-01  0.374590528331E-02
  0.167150521911E+02  0.150000000000E+01  0.189904481050E+01  0.647023729231E-01  0.372124183278E-02
  0.170758070046E+02  0.150000000000E+01  0.190150701142E+01  0.644954796787E-01  0.369748168799E-02
  0.174365618182E+02  0.150000000000E+01  0.190391591222E+01  0.642954443651E-01  0.367458148099E-02
  0.177973166317E+02  0.150000000000E+01  0.190627778842E+01  0.641019668300E-01  0.365249969020E-02
  0.181580714453E+02  0.150000000000E+01  0.190859755831E+01  0.639147531274E-01  0.363119614874E-02
  0.185188262588E+02  0.150000000000E+01  0.191087579849E+01  0.637335156413E-01  0.361063201422E-02
  0.188795810723E+02  0.150000000000E+01  0.191310806450E+01  0.635579775193E-01  0.359077022786E-02
  0.192403358859E+02  0.150000000000E+01  0.191528694290E+01  0.633878794878E-01  0.357157623641E-02
  0.196010906994E+02  0.150000000000E+01  0.191740621915E+01  0.632229860022E-01  0.355301863025E-02
  0.199618455130E+02  0.150000000000E+01  0.191946538562E+01  0.630630885933E-01  0.353506946038E-02
  0.203226003265E+02  0.150000000000E+01  0.192147179763E+01  0.629080061025E-01  0.351770420603E-02
  0.206833551401E+02  0.150000000000E+01  0.192343887692E+01  0.627575827555E-01  0.350090150517E-02
  0.210441099536E+02  0.150000000000E+01  0.192538165141E+01  0.626116851945E-01  0.348464277591E-02
  0.214048647672E+02  0.150000000000E+01  0.192731241638E+01  0.624701989488E-01  0.346891178374E-02
  0.217656195807E+02  0.150000000000E+01  0.192923806151E+01  0.623330239228E-01  0.345369410787E-02
  0.221263743943E+02  0.150000000000E+01  0.193115893268E+01  0.622000677875E-01  0.343897638468E-02
  0.224871292078E+02  0.150000000000E+01  0.193306899996E+01  0.620712362919E-01  0.342474522205E-02
  0.228478840214E+02  0.150000000000E+01  0.193495802967E+01  0.619464208902E-01  0.341098583210E-02
  0.232086388349E+02  0.150000000000E+01  0.193681631624E+01  0.618254861007E-01  0.339768065030E-02
  0.235693936484E+02  0.150000000000E+01  0.193864000383E+01  0.617082602439E-01  0.338480833984E-02
  0.239301484620E+02  0.150000000000E+01  0.194043277966E+01  0.615945327834E-01  0.337234352783E-02
  0.242909032755E+02  0.150000000000E+01  0.194220239679E+01  0.614840596823E-01  0.336025741779E-02
  0.246516580891E+02  0.150000000000E+01  0.194395586654E+01  0.613765757589E-01  0.334851915724E-02
  0.250124129026E+02  0.150000000000E+01  0.194569765174E+01  0.612718108075E-01  0.333709759967E-02
  0.253731677162E+02  0.150000000000E+01  0.194743066764E+01  0.611695050499E-01  0.332596297604E-02
  0.257339225297E+02  0.150000000000E+01  0.194915691883E+01  0.610694199233E-01  0.331508804424E-02
  0.260946773433E+02  0.150000000000E+01  0.195087558935E+01  0.609713422202E-01  0.330444850856E-02
  0.264554321568E+02  0.150000000000E+01  0.195257886443E+01  0.608750823812E-01  0.329402280437E-02
  0.268161869704E+02  0.150000000000E+01  0.195424743701E+01  0.607804700662E-01  0.328379159242E-02
  0.271769417839E+02  0.150000000000E+01  0.195584837178E+01  0.606873510149E-01  0.327373739841E-02
  0.275376965975E+02  0.150000000000E+01  0.195733879259E+01  0.605955883299E-01  0.326384473338E-02
  0.278984514110E+02  0.150000000000E+01  0.195867942134E+01  0.605050688229E-01  0.325410075846E-02
  0.282592062245E+02  0.150000000000E+01  0.195985677660E+01  0.604157120743E-01  0.324449623595E-02
  0.286199610381E+02  0.150000000000E+01  0.196089714312E+01  0.603274783291E-01  0.323502634805E-02
  0.289807158516E+02  0.150000000000E+01  0.196185137167E+01  0.602403719670E-01  0.322569103531E-02
  0.293414706652E+02  0.150000000000E+01  0.196276392747E+01  0.601544392251E-01  0.321649471865E-02
  0.297022254787E+02  0.150000000000E+01  0.196366125340E+01  0.600697613109E-01  0.320744553240E-02
  0.300629802923E+02  0.150000000000E+01  0.196455935203E+01  0.599864458094E-01  0.319855438297E-02
  0.304237351058E+02  0.150000000000E+01  0.196546635734E+01  0.599046189955E-01  0.318983411289E-02
  0.307844899194E+02  0.150000000000E+01  0.196637415566E+01  0.598244199510E-01  0.318129886442E-02
  0.311452447329E+02  0.150000000000E+01  0.196725096605E+01  0.597459959927E-01  0.317296358859E-02
  0.315059995465E+02  0.150000000000E+01  0.196804703027E+01  0.596694985344E-01  0.316484360475E-02
  0.318667543600E+02  0.150000000000E+01  0.196871618335E+01  0.595950788984E-01  0.315695415903E-02
  0.322275091735E+02  0.150000000000E+01  0.196924270733E+01  0.595228839546E-01  0.314930996824E-02
  0.325882639871E+02  0.150000000000E+01  0.196965464233E+01  0.594530514884E-01  0.314192473891E-02
  0.329490188006E+02  0.150000000000E+01  0.197001229597E+01  0.593857052097E-01  0.313481065178E-02
  0.333097736142E+02  0.150000000000E+01  0.197038047355E+01  0.593209493813E-01  0.312797780933E-02
