  0.500000000000E-02  0.500495000000E+00  0.711379176545E+00  0.351426206574E-01  0.986049684534E-02
  0.100000000000E-01  0.500995000000E+00  0.711884526387E+00  0.359704227664E-01  0.103098962964E-01
  0.150000000000E-01  0.501495000000E+00  0.712390388325E+00  0.365927578406E-01  0.106484663837E-01
  0.200000000000E-01  0.501995000000E+00  0.712896664607E+00  0.371095177144E-01  0.109295387216E-01
  0.250000000000E-01  0.502495000000E+00  0.713403298907E+00  0.375591428895E-01  0.111737217469E-01
  0.300000000000E-01  0.502995000000E+00  0.713910253272E+00  0.379612767450E-01  0.113915882978E-01
  0.350000000000E-01  0.503495000000E+00  0.714417499867E+00  0.383275560264E-01  0.115894259721E-01
  0.400000000000E-01  0.503995000000E+00  0.714925017138E+00  0.386655448468E-01  0.117713374112E-01
  0.450000000000E-01  0.504495000000E+00  0.715432787754E+00  0.389804861654E-01  0.119401770243E-01
  0.500000000000E-01  0.504995000000E+00  0.715940797384E+00  0.392761899208E-01  0.120980267978E-01
  0.550000000000E-01  0.505495000000E+00  0.716449033922E+00  0.395555270564E-01  0.122464614149E-01
  0.600000000000E-01  0.505995000000E+00  0.716957486961E+00  0.398207241416E-01  0.123867066301E-01
  0.650000000000E-01  0.506495000000E+00  0.717466147431E+00  0.400735489094E-01  0.125197391718E-01
  0.700000000000E-01  0.506995000000E+00  0.717975007339E+00  0.403154323377E-01  0.126463525858E-01
  0.750000000000E-01  0.507495000000E+00  0.718484059565E+00  0.405475519314E-01  0.127672022266E-01
  0.800000000000E-01  0.507995000000E+00  0.718993297719E+00  0.407708902832E-01  0.128828369453E-01
  0.850000000000E-01  0.508495000000E+00  0.719502716022E+00  0.409862773275E-01  0.129937219910E-01
  0.900000000000E-01  0.508995000000E+00  0.720012309217E+00  0.411944215126E-01  0.131002559334E-01
  0.950000000000E-01  0.509495000000E+00  0.720522072492E+00  0.413959332469E-01  0.132027834120E-01
  0.100000000000E+00  0.509995000000E+00  0.721032001422E+00  0.415913428382E-01  0.133016049059E-01
  0.105000000000E+00  0.510495000000E+00  0.721542091920E+00  0.417811144252E-01  0.133969843339E-01
  0.110000000000E+00  0.510995000000E+00  0.722052340198E+00  0.419656569469E-01  0.134891550477E-01
  0.115000000000E+00  0.511495000000E+00  0.722562742727E+00  0.421453328806E-01  0.135783246141E-01
  0.120000000000E+00  0.511995000000E+00  0.723073296215E+00  0.423204652831E-01  0.136646786742E-01
  0.125000000000E+00  0.512495000000E+00  0.723583997579E+00  0.424913435169E-01  0.137483840871E-01
  0.130000000000E+00  0.512995000000E+00  0.724094843922E+00  0.426582279528E-01  0.138295915157E-01
  0.135000000000E+00  0.513495000000E+00  0.724605832519E+00  0.428213538615E-01  0.139084375704E-01
  0.140000000000E+00  0.513995000000E+00  0.725116960798E+00  0.429809346601E-01  0.139850465991E-01
  0.145000000000E+00  0.514495000000E+00  0.725628226327E+00  0.431371646386E-01  0.140595321943E-01
  0.150000000000E+00  0.514995000000E+00  0.726139626800E+00  0.432902212649E-01  0.141319984683E-01
  0.155000000000E+00  0.515495000000E+00  0.726651160033E+00  0.434402671457E-01  0.142025411398E-01
  0.160000000000E+00  0.515995000000E+00  0.727162823943E+00  0.435874517032E-01  0.142712484648E-01
  0.165000000000E+00  0.516495000000E+00  0.727674616551E+00  0.437319126167E-01  0.143382020382E-01
  0.170000000000E+00  0.516995000000E+00  0.728186535968E+00  0.438737770680E-01  0.144034774871E-01
  0.175000000000E+00  0.517495000000E+00  0.728698580389E+00  0.440131628232E-01  0.144671450741E-01
  0.180000000000E+00  0.517995000000E+00  0.729210748087E+00  0.441501791743E-01  0.145292702237E-01
  0.185000000000E+00  0.518495000000E+00  0.729723037411E+00  0.442849277644E-01  0.145899139832E-01
  0.190000000000E+00  0.518995000000E+00  0.730235446774E+00  0.444175033123E-01  0.146491334292E-01
  0.195000000000E+00  0.519495000000E+00  0.730747974656E+00  0.445479942511E-01  0.147069820263E-01
  0.200000000000E+00  0.519995000000E+00  0.731260619595E+00  0.446764832938E-01  0.147635099441E-01
  0.205000000000E+00  0.520495000000E+00  0.731773380185E+00  0.448030479348E-01  0.148187643404E-01
  0.210000000000E+00  0.520995000000E+00  0.732286255072E+00  0.449277608965E-01  0.148727896125E-01
  0.215000000000E+00  0.521495000000E+00  0.732799242951E+00  0.450506905285E-01  0.149256276228E-01
  0.220000000000E+00  0.521995000000E+00  0.733312342564E+00  0.451719011641E-01  0.149773179004E-01
  0.225000000000E+00  0.522495000000E+00  0.733825552697E+00  0.452914534413E-01  0.150278978230E-01
  0.230000000000E+00  0.522995000000E+00  0.734338872175E+00  0.454094045912E-01  0.150774027803E-01
  0.235000000000E+00  0.523495000000E+00  0.734852299864E+00  0.455258086981E-01  0.151258663221E-01
  0.240000000000E+00  0.523995000000E+00  0.735365834666E+00  0.456407169349E-01  0.151733202919E-01
  0.245000000000E+00  0.524495000000E+00  0.735879475518E+00  0.457541777764E-01  0.152197949490E-01
  0.250000000000E+00  0.524995000000E+00  0.736393221391E+00  0.458662371928E-01  0.152653190784E-01
  0.255000000000E+00  0.525495000000E+00  0.736907071286E+00  0.459769388260E-01  0.153099200920E-01
  0.260000000000E+00  0.525995000000E+00  0.737421024235E+00  0.460863241502E-01  0.153536241200E-01
  0.265000000000E+00  0.526495000000E+00  0.737935079298E+00  0.461944326184E-01  0.153964560959E-01
  0.270000000000E+00  0.526995000000E+00  0.738449235561E+00  0.463013017967E-01  0.154384398328E-01
  0.275000000000E+00  0.527495000000E+00  0.738963492139E+00  0.464069674875E-01  0.154795980944E-01
  0.280000000000E+00  0.527995000000E+00  0.739477848168E+00  0.465114638422E-01  0.155199526603E-01
  0.285000000000E+00  0.528495000000E+00  0.739992302811E+00  0.466148234650E-01  0.155595243855E-01
  0.290000000000E+00  0.528995000000E+00  0.740506855249E+00  0.467170775087E-01  0.155983332560E-01
  0.295000000000E+00  0.529495000000E+00  0.741021504689E+00  0.468182557627E-01  0.156363984398E-01
  0.300000000000E+00  0.529995000000E+00  0.741536250357E+00  0.469183867344E-01  0.156737383337E-01
  0.305000000000E+00  0.530495000000E+00  0.742051091498E+00  0.470174977246E-01  0.157103706076E-01
  0.310000000000E+00  0.530995000000E+00  0.742566027376E+00  0.471156148974E-01  0.157463122447E-01
  0.315000000000E+00  0.531495000000E+00  0.743081057274E+00  0.472127633442E-01  0.157815795793E-01
  0.320000000000E+00  0.531995000000E+00  0.743596180492E+00  0.473089671447E-01  0.158161883314E-01
  0.325000000000E+00  0.532495000000E+00  0.744111396348E+00  0.474042494217E-01  0.158501536402E-01
  0.330000000000E+00  0.532995000000E+00  0.744626704173E+00  0.474986323936E-01  0.158834900933E-01
  0.335000000000E+00  0.533495000000E+00  0.745142103317E+00  0.475921374227E-01  0.159162117562E-01
  0.340000000000E+00  0.533995000000E+00  0.745657593142E+00  0.476847850601E-01  0.159483321976E-01
  0.345000000000E+00  0.534495000000E+00  0.746173173027E+00  0.477765950879E-01  0.159798645154E-01
  0.350000000000E+00  0.534995000000E+00  0.746688842362E+00  0.478675865585E-01  0.160108213586E-01
  0.355000000000E+00  0.535495000000E+00  0.747204600553E+00  0.479577778314E-01  0.160412149500E-01
  0.360000000000E+00  0.535995000000E+00  0.747720447017E+00  0.480471866079E-01  0.160710571060E-01
  0.365000000000E+00  0.536495000000E+00  0.748236381184E+00  0.481358299629E-01  0.161003592560E-01
  0.370000000000E+00  0.536995000000E+00  0.748752402497E+00  0.482237243756E-01  0.161291324600E-01
  0.375000000000E+00  0.537495000000E+00  0.749268510408E+00  0.483108857579E-01  0.161573874258E-01
  0.380000000000E+00  0.537995000000E+00  0.749784704384E+00  0.483973294809E-01  0.161851345248E-01
  0.385000000000E+00  0.538495000000E+00  0.750300983898E+00  0.484830704003E-01  0.162123838068E-01
  0.390000000000E+00  0.538995000000E+00  0.750817348438E+00  0.485681228797E-01  0.162391450143E-01
  0.395000000000E+00  0.539495000000E+00  0.751333797499E+00  0.486525008135E-01  0.162654275958E-01
  0.400000000000E+00  0.539995000000E+00  0.751850330587E+00  0.487362176474E-01  0.162912407182E-01
  0.405000000000E+00  0.540495000000E+00  0.752366947219E+00  0.488192863981E-01  0.163165932788E-01
  0.410000000000E+00  0.540995000000E+00  0.752883646918E+00  0.489017196727E-01  0.163414939164E-01
  0.415000000000E+00  0.541495000000E+00  0.753400429218E+00  0.489835296857E-01  0.163659510223E-01
  0.420000000000E+00  0.541995000000E+00  0.753917293661E+00  0.490647282760E-01  0.163899727497E-01
  0.425000000000E+00  0.542495000000E+00  0.754434239797E+00  0.491453269229E-01  0.164135670238E-01
  0.430000000000E+00  0.542995000000E+00  0.754951267186E+00  0.492253367607E-01  0.164367415508E-01
  0.435000000000E+00  0.543495000000E+00  0.755468375394E+00  0.493047685931E-01  0.164595038260E-01
  0.440000000000E+00  0.543995000000E+00  0.755985563995E+00  0.493836329067E-01  0.164818611424E-01
  0.445000000000E+00  0.544495000000E+00  0.756502832570E+00  0.494619398834E-01  0.165038205983E-01
  0.450000000000E+00  0.544995000000E+00  0.757020180709E+00  0.495396994132E-01  0.165253891048E-01
  0.455000000000E+00  0.545495000000E+00  0.757537608007E+00  0.496169211050E-01  0.165465733924E-01
  0.460000000000E+00  0.545995000000E+00  0.758055114068E+00  0.496936142978E-01  0.165673800180E-01
  0.465000000000E+00  0.546495000000E+00  0.758572698500E+00  0.497697880713E-01  0.165878153711E-01
  0.470000000000E+00  0.546995000000E+00  0.759090360919E+00  0.498454512553E-01  0.166078856799E-01
  0.475000000000E+00  0.547495000000E+00  0.759608100948E+00  0.499206124396E-01  0.166275970171E-01
  0.480000000000E+00  0.547995000000E+00  0.760125918214E+00  0.499952799826E-01  0.166469553052E-01
  0.485000000000E+00  0.548495000000E+00  0.760643812352E+00  0.500694620201E-01  0.166659663219E-01
  0.490000000000E+00  0.548995000000E+00  0.761161783002E+00  0.501431664733E-01  0.166846357051E-01
  0.495000000000E+00  0.549495000000E+00  0.761679829809E+00  0.502164010564E-01  0.167029689576E-01
  0.500000000000E+00  0.549995000000E+00  0.762197952425E+00  0.502891732843E-01  0.167209714517E-01
  0.505000000000E+00  0.550495000000E+00  0.762716150505E+00  0.503614904795E-01  0.167386484336E-01
  0.510000000000E+00  0.550995000000E+00  0.763234423713E+00  0.504333597790E-01  0.167560050275E-01
  0.515000000000E+00  0.551495000000E+00  0.763752771713E+00  0.505047881406E-01  0.167730462397E-01
  0.520000000000E+00  0.551995000000E+00  0.764271194180E+00  0.505757823489E-01  0.167897769624E-01
  0.525000000000E+00  0.552495000000E+00  0.764789690788E+00  0.506463490217E-01  0.168062019772E-01
  0.530000000000E+00  0.552995000000E+00  0.765308261219E+00  0.507164946152E-01  0.168223259589E-01
  0.535000000000E+00  0.553495000000E+00  0.765826905160E+00  0.507862254297E-01  0.168381534786E-01
  0.540000000000E+00  0.553995000000E+00  0.766345622301E+00  0.508555476143E-01  0.168536890071E-01
  0.545000000000E+00  0.554495000000E+00  0.766864412336E+00  0.509244671725E-01  0.168689369180E-01
  0.550000000000E+00  0.554995000000E+00  0.767383274966E+00  0.509929899665E-01  0.168839014907E-01
  0.555000000000E+00  0.555495000000E+00  0.767902209893E+00  0.510611217219E-01  0.168985869129E-01
  0.560000000000E+00  0.555995000000E+00  0.768421216825E+00  0.511288680321E-01  0.169129972838E-01
  0.565000000000E+00  0.556495000000E+00  0.768940295474E+00  0.511962343624E-01  0.169271366166E-01
  0.570000000000E+00  0.556995000000E+00  0.769459445555E+00  0.512632260540E-01  0.169410088410E-01
  0.575000000000E+00  0.557495000000E+00  0.769978666788E+00  0.513298483280E-01  0.169546178055E-01
  0.580000000000E+00  0.557995000000E+00  0.770497958895E+00  0.513961062891E-01  0.169679672801E-01
  0.585000000000E+00  0.558495000000E+00  0.771017321603E+00  0.514620049290E-01  0.169810609581E-01
  0.590000000000E+00  0.558995000000E+00  0.771536754643E+00  0.515275491300E-01  0.169939024586E-01
  0.595000000000E+00  0.559495000000E+00  0.772056257749E+00  0.515927436680E-01  0.170064953286E-01
  0.600000000000E+00  0.559995000000E+00  0.772575830657E+00  0.516575932163E-01  0.170188430449E-01
  0.605000000000E+00  0.560495000000E+00  0.773095473109E+00  0.517221023478E-01  0.170309490160E-01
  0.610000000000E+00  0.560995000000E+00  0.773615184849E+00  0.517862755388E-01  0.170428165840E-01
  0.615000000000E+00  0.561495000000E+00  0.774134965622E+00  0.518501171709E-01  0.170544490265E-01
  0.620000000000E+00  0.561995000000E+00  0.774654815181E+00  0.519136315347E-01  0.170658495583E-01
  0.625000000000E+00  0.562495000000E+00  0.775174733278E+00  0.519768228317E-01  0.170770213330E-01
  0.630000000000E+00  0.562995000000E+00  0.775694719670E+00  0.520396951770E-01  0.170879674449E-01
  0.635000000000E+00  0.563495000000E+00  0.776214774116E+00  0.521022526019E-01  0.170986909301E-01
  0.640000000000E+00  0.563995000000E+00  0.776734896378E+00  0.521644990563E-01  0.171091947683E-01
  0.645000000000E+00  0.564495000000E+00  0.777255086223E+00  0.522264384106E-01  0.171194818844E-01
  0.650000000000E+00  0.564995000000E+00  0.777775343416E+00  0.522880744580E-01  0.171295551495E-01
  0.655000000000E+00  0.565495000000E+00  0.778295667730E+00  0.523494109170E-01  0.171394173828E-01
  0.660000000000E+00  0.565995000000E+00  0.778816058938E+00  0.524104514330E-01  0.171490713523E-01
  0.665000000000E+00  0.566495000000E+00  0.779336516816E+00  0.524711995804E-01  0.171585197767E-01
  0.670000000000E+00  0.566995000000E+00  0.779857041141E+00  0.525316588645E-01  0.171677653260E-01
  0.675000000000E+00  0.567495000000E+00  0.780377631697E+00  0.525918327233E-01  0.171768106235E-01
  0.680000000000E+00  0.567995000000E+00  0.780898288265E+00  0.526517245295E-01  0.171856582460E-01
  0.685000000000E+00  0.568495000000E+00  0.781419010632E+00  0.527113375916E-01  0.171943107256E-01
  0.690000000000E+00  0.568995000000E+00  0.781939798587E+00  0.527706751566E-01  0.172027705508E-01
  0.695000000000E+00  0.569495000000E+00  0.782460651920E+00  0.528297404104E-01  0.172110401669E-01
  0.700000000000E+00  0.569995000000E+00  0.782981570425E+00  0.528885364802E-01  0.172191219778E-01
  0.705000000000E+00  0.570495000000E+00  0.783502553896E+00  0.529470664358E-01  0.172270183465E-01
  0.710000000000E+00  0.570995000000E+00  0.784023602132E+00  0.530053332907E-01  0.172347315963E-01
  0.715000000000E+00  0.571495000000E+00  0.784544714931E+00  0.530633400041E-01  0.172422640114E-01
  0.720000000000E+00  0.571995000000E+00  0.785065892097E+00  0.531210894817E-01  0.172496178383E-01
  0.725000000000E+00  0.572495000000E+00  0.785587133432E+00  0.531785845773E-01  0.172567952861E-01
  0.730000000000E+00  0.572995000000E+00  0.786108438743E+00  0.532358280942E-01  0.172637985279E-01
  0.735000000000E+00  0.573495000000E+00  0.786629807838E+00  0.532928227860E-01  0.172706297012E-01
  0.740000000000E+00  0.573995000000E+00  0.787151240527E+00  0.533495713584E-01  0.172772909088E-01
  0.745000000000E+00  0.574495000000E+00  0.787672736623E+00  0.534060764696E-01  0.172837842197E-01
  0.750000000000E+00  0.574995000000E+00  0.788194295938E+00  0.534623407322E-01  0.172901116698E-01
  0.755000000000E+00  0.575495000000E+00  0.788715918289E+00  0.535183667138E-01  0.172962752626E-01
  0.760000000000E+00  0.575995000000E+00  0.789237603493E+00  0.535741569382E-01  0.173022769699E-01
  0.765000000000E+00  0.576495000001E+00  0.789759351370E+00  0.536297138865E-01  0.173081187323E-01
  0.770000000000E+00  0.576995000001E+00  0.790281161742E+00  0.536850399978E-01  0.173138024604E-01
  0.775000000000E+00  0.577495000001E+00  0.790803034431E+00  0.537401376707E-01  0.173193300348E-01
  0.780000000000E+00  0.577995000001E+00  0.791324969262E+00  0.537950092636E-01  0.173247033072E-01
  0.785000000000E+00  0.578495000001E+00  0.791846966062E+00  0.538496570962E-01  0.173299241009E-01
  0.790000000000E+00  0.578995000001E+00  0.792369024658E+00  0.539040834501E-01  0.173349942112E-01
  0.795000000000E+00  0.579495000001E+00  0.792891144882E+00  0.539582905694E-01  0.173399154063E-01
  0.800000000000E+00  0.579995000001E+00  0.793413326563E+00  0.540122806621E-01  0.173446894275E-01
  0.805000000000E+00  0.580495000001E+00  0.793935569535E+00  0.540660559005E-01  0.173493179901E-01
  0.810000000000E+00  0.580995000001E+00  0.794457873633E+00  0.541196184221E-01  0.173538027837E-01
  0.815000000000E+00  0.581495000001E+00  0.794980238693E+00  0.541729703305E-01  0.173581454729E-01
  0.820000000000E+00  0.581995000001E+00  0.795502664553E+00  0.542261136958E-01  0.173623476976E-01
  0.825000000000E+00  0.582495000001E+00  0.796025151051E+00  0.542790505558E-01  0.173664110737E-01
  0.830000000000E+00  0.582995000001E+00  0.796547698029E+00  0.543317829161E-01  0.173703371934E-01
  0.835000000000E+00  0.583495000001E+00  0.797070305329E+00  0.543843127516E-01  0.173741276257E-01
  0.840000000000E+00  0.583995000001E+00  0.797592972793E+00  0.544366420061E-01  0.173777839171E-01
  0.845000000000E+00  0.584495000001E+00  0.798115700267E+00  0.544887725942E-01  0.173813075916E-01
  0.850000000000E+00  0.584995000001E+00  0.798638487598E+00  0.545407064007E-01  0.173847001517E-01
  0.855000000000E+00  0.585495000001E+00  0.799161334633E+00  0.545924452821E-01  0.173879630782E-01
  0.860000000000E+00  0.585995000001E+00  0.799684241220E+00  0.546439910668E-01  0.173910978311E-01
  0.865000000000E+00  0.586495000001E+00  0.800207207211E+00  0.546953455558E-01  0.173941058497E-01
  0.870000000000E+00  0.586995000001E+00  0.800730232457E+00  0.547465105232E-01  0.173969885532E-01
  0.875000000000E+00  0.587495000001E+00  0.801253316810E+00  0.547974877166E-01  0.173997473410E-01
  0.880000000000E+00  0.587995000001E+00  0.801776460126E+00  0.548482788582E-01  0.174023835930E-01
  0.885000000000E+00  0.588495000001E+00  0.802299662259E+00  0.548988856446E-01  0.174048986701E-01
  0.890000000000E+00  0.588995000001E+00  0.802822923066E+00  0.549493097478E-01  0.174072939143E-01
  0.895000000000E+00  0.589495000001E+00  0.803346242405E+00  0.549995528156E-01  0.174095706495E-01
  0.900000000000E+00  0.589995000001E+00  0.803869620135E+00  0.550496164717E-01  0.174117301813E-01
  0.905000000000E+00  0.590495000001E+00  0.804393056116E+00  0.550995023169E-01  0.174137737979E-01
  0.910000000000E+00  0.590995000001E+00  0.804916550210E+00  0.551492119290E-01  0.174157027698E-01
  0.915000000000E+00  0.591495000001E+00  0.805440102279E+00  0.551987468633E-01  0.174175183506E-01
  0.920000000000E+00  0.591995000001E+00  0.805963712186E+00  0.552481086533E-01  0.174192217771E-01
  0.925000000000E+00  0.592495000001E+00  0.806487379796E+00  0.552972988109E-01  0.174208142696E-01
  0.930000000000E+00  0.592995000001E+00  0.807011104976E+00  0.553463188268E-01  0.174222970324E-01
  0.935000000000E+00  0.593495000001E+00  0.807534887591E+00  0.553951701712E-01  0.174236712536E-01
  0.940000000000E+00  0.593995000001E+00  0.808058727511E+00  0.554438542937E-01  0.174249381060E-01
  0.945000000000E+00  0.594495000001E+00  0.808582624603E+00  0.554923726242E-01  0.174260987469E-01
  0.950000000000E+00  0.594995000001E+00  0.809106578739E+00  0.555407265729E-01  0.174271543185E-01
  0.955000000000E+00  0.595495000001E+00  0.809630589788E+00  0.555889175310E-01  0.174281059485E-01
  0.960000000000E+00  0.595995000001E+00  0.810154657623E+00  0.556369468707E-01  0.174289547495E-01
  0.965000000000E+00  0.596495000001E+00  0.810678782117E+00  0.556848159457E-01  0.174297018204E-01
  0.970000000000E+00  0.596995000001E+00  0.811202963144E+00  0.557325260917E-01  0.174303482456E-01
  0.975000000000E+00  0.597495000001E+00  0.811727200579E+00  0.557800786265E-01  0.174308950958E-01
  0.980000000000E+00  0.597995000001E+00  0.812251494298E+00  0.558274748505E-01  0.174313434283E-01
  0.985000000000E+00  0.598495000001E+00  0.812775844177E+00  0.558747160467E-01  0.174316942868E-01
  0.990000000000E+00  0.598995000001E+00  0.813300250094E+00  0.559218034817E-01  0.174319487020E-01
  0.995000000000E+00  0.599495000001E+00  0.813824711928E+00  0.559687384052E-01  0.174321076916E-01
  0.100000000000E+01  0.599995000001E+00  0.814349229559E+00  0.560155220507E-01  0.174321722606E-01
  0.100500000000E+01  0.600495000001E+00  0.814873802866E+00  0.560621556358E-01  0.174321434016E-01
  0.101000000000E+01  0.600995000001E+00  0.815398431732E+00  0.561086403626E-01  0.174320220948E-01
  0.101500000000E+01  0.601495000001E+00  0.815923116038E+00  0.561549774174E-01  0.174318093085E-01
  0.102000000000E+01  0.601995000001E+00  0.816447855667E+00  0.562011679716E-01  0.174315059987E-01
  0.102500000000E+01  0.602495000001E+00  0.816972650503E+00  0.562472131820E-01  0.174311131103E-01
  0.103000000000E+01  0.602995000001E+00  0.817497500431E+00  0.562931141903E-01  0.174306315761E-01
  0.103500000000E+01  0.603495000001E+00  0.818022405336E+00  0.563388721242E-01  0.174300623178E-01
  0.104000000000E+01  0.603995000001E+00  0.818547365105E+00  0.563844880971E-01  0.174294062462E-01
  0.104500000000E+01  0.604495000001E+00  0.819072379624E+00  0.564299632087E-01  0.174286642607E-01
  0.105000000000E+01  0.604995000001E+00  0.819597448782E+00  0.564752985451E-01  0.174278372501E-01
  0.105500000000E+01  0.605495000001E+00  0.820122572467E+00  0.565204951788E-01  0.174269260927E-01
  0.106000000000E+01  0.605995000001E+00  0.820647750568E+00  0.565655541693E-01  0.174259316561E-01
  0.106500000000E+01  0.606495000001E+00  0.821172982976E+00  0.566104765631E-01  0.174248547977E-01
  0.107000000000E+01  0.606995000001E+00  0.821698269581E+00  0.566552633941E-01  0.174236963647E-01
  0.107500000000E+01  0.607495000001E+00  0.822223610276E+00  0.566999156835E-01  0.174224571945E-01
  0.108000000000E+01  0.607995000001E+00  0.822749004952E+00  0.567444344402E-01  0.174211381145E-01
  0.108500000000E+01  0.608495000001E+00  0.823274453503E+00  0.567888206613E-01  0.174197399424E-01
  0.109000000000E+01  0.608995000001E+00  0.823799955822E+00  0.568330753317E-01  0.174182634864E-01
  0.109500000000E+01  0.609495000001E+00  0.824325511804E+00  0.568771994246E-01  0.174167095453E-01
  0.110000000000E+01  0.609995000001E+00  0.824851121344E+00  0.569211939018E-01  0.174150789088E-01
  0.110500000000E+01  0.610495000001E+00  0.825376784338E+00  0.569650597139E-01  0.174133723572E-01
  0.111000000000E+01  0.610995000001E+00  0.825902500683E+00  0.570087978000E-01  0.174115906621E-01
  0.111500000000E+01  0.611495000001E+00  0.826428270275E+00  0.570524090885E-01  0.174097345861E-01
  0.112000000000E+01  0.611995000001E+00  0.826954093013E+00  0.570958944970E-01  0.174078048831E-01
  0.112500000000E+01  0.612495000001E+00  0.827479968794E+00  0.571392549324E-01  0.174058022985E-01
  0.113000000000E+01  0.612995000001E+00  0.828005897519E+00  0.571824912911E-01  0.174037275691E-01
  0.113500000000E+01  0.613495000001E+00  0.828531879087E+00  0.572256044595E-01  0.174015814236E-01
  0.114000000000E+01  0.613995000001E+00  0.829057913398E+00  0.572685953136E-01  0.173993645822E-01
  0.114500000000E+01  0.614495000001E+00  0.829584000353E+00  0.573114647194E-01  0.173970777572E-01
  0.115000000000E+01  0.614995000001E+00  0.830110139855E+00  0.573542135334E-01  0.173947216529E-01
  0.115500000000E+01  0.615495000001E+00  0.830636331805E+00  0.573968426022E-01  0.173922969657E-01
  0.116000000000E+01  0.615995000001E+00  0.831162576106E+00  0.574393527630E-01  0.173898043842E-01
  0.116500000000E+01  0.616495000001E+00  0.831688872661E+00  0.574817448435E-01  0.173872445895E-01
  0.117000000000E+01  0.616995000001E+00  0.832215221375E+00  0.575240196624E-01  0.173846182550E-01
  0.117500000000E+01  0.617495000001E+00  0.832741622152E+00  0.575661780292E-01  0.173819260469E-01
  0.118000000000E+01  0.617995000001E+00  0.833268074898E+00  0.576082207445E-01  0.173791686239E-01
  0.118500000000E+01  0.618495000001E+00  0.833794579517E+00  0.576501486001E-01  0.173763466375E-01
  0.119000000000E+01  0.618995000001E+00  0.834321135917E+00  0.576919623791E-01  0.173734607321E-01
  0.119500000000E+01  0.619495000001E+00  0.834847744004E+00  0.577336628561E-01  0.173705115451E-01
  0.120000000000E+01  0.619995000001E+00  0.835374403685E+00  0.577752507972E-01  0.173674997071E-01
  0.120500000000E+01  0.620495000001E+00  0.835901114869E+00  0.578167269605E-01  0.173644258417E-01
  0.121000000000E+01  0.620995000001E+00  0.836427877463E+00  0.578580920956E-01  0.173612905657E-01
  0.121500000000E+01  0.621495000001E+00  0.836954691378E+00  0.578993469443E-01  0.173580944896E-01
  0.122000000000E+01  0.621995000001E+00  0.837481556522E+00  0.579404922403E-01  0.173548382170E-01
  0.122500000000E+01  0.622495000001E+00  0.838008472805E+00  0.579815287096E-01  0.173515223452E-01
  0.123000000000E+01  0.622995000001E+00  0.838535440137E+00  0.580224570705E-01  0.173481474652E-01
  0.125555000000E+01  0.625544450001E+00  0.841223470397E+00  0.582235205488E-01  0.173264890763E-01
  0.126170439500E+01  0.626159279001E+00  0.841871872254E+00  0.582744179565E-01  0.173227262843E-01
  0.126852899690E+01  0.626841061536E+00  0.842590974107E+00  0.583296075907E-01  0.173178203604E-01
  0.127609678304E+01  0.627597087953E+00  0.843388493711E+00  0.583902538697E-01  0.173120653591E-01
  0.128448867627E+01  0.628435442337E+00  0.844272994094E+00  0.584570871648E-01  0.173054540143E-01
  0.129379440993E+01  0.629365088921E+00  0.845253976279E+00  0.585307937650E-01  0.172979057214E-01
  0.130411348701E+01  0.630395967901E+00  0.846341982550E+00  0.586120853588E-01  0.172893031443E-01
  0.131555624369E+01  0.631539101681E+00  0.847548711290E+00  0.587017210716E-01  0.172795001199E-01
  0.132824502865E+01  0.632806712682E+00  0.848887144647E+00  0.588005177452E-01  0.172683221092E-01
  0.134231551076E+01  0.634212353972E+00  0.850371690511E+00  0.589093563226E-01  0.172555638676E-01
  0.135791812907E+01  0.635771054122E+00  0.852018340415E+00  0.590291865916E-01  0.172409856734E-01
  0.137521970074E+01  0.637499477822E+00  0.853844845209E+00  0.591610310280E-01  0.172243085635E-01
  0.139440520382E+01  0.639416103982E+00  0.855870910546E+00  0.593059879699E-01  0.172052087402E-01
  0.141567975419E+01  0.641541423215E+00  0.858118414478E+00  0.594652341652E-01  0.171833112187E-01
  0.143927079767E+01  0.643898156821E+00  0.860611649746E+00  0.596400266479E-01  0.171581827642E-01
  0.146543054070E+01  0.646511499599E+00  0.863377593627E+00  0.598317038589E-01  0.171293241805E-01
  0.149443864554E+01  0.649409389092E+00  0.866446208597E+00  0.600416859128E-01  0.170961620467E-01
  0.152660521891E+01  0.652622804127E+00  0.869850777411E+00  0.602714739064E-01  0.170580400533E-01
  0.156227412580E+01  0.656186095862E+00  0.873628276685E+00  0.605226481759E-01  0.170142101604E-01
  0.160182666406E+01  0.660137354849E+00  0.877819793531E+00  0.607968654220E-01  0.169638238899E-01
  0.164568563882E+01  0.664518818054E+00  0.882470990369E+00  0.610958546558E-01  0.169059241694E-01
  0.169431988039E+01  0.669377320169E+00  0.887632623650E+00  0.614214119467E-01  0.168394382650E-01
  0.174824925387E+01  0.674764794052E+00  0.893361122908E+00  0.617753940028E-01  0.167631724733E-01
  0.180805021397E+01  0.680738825615E+00  0.899719237363E+00  0.621597106611E-01  0.166758093765E-01
  0.187436196431E+01  0.687363269113E+00  0.906776758103E+00  0.625763164214E-01  0.165759085954E-01
  0.194789328715E+01  0.694708929391E+00  0.914611324824E+00  0.630272012102E-01  0.164619120844E-01
  0.202943011623E+01  0.702854318374E+00  0.923309327142E+00  0.635143806197E-01  0.163321550863E-01
  0.211984393395E+01  0.711886493888E+00  0.932966911558E+00  0.640398859085E-01  0.161848838774E-01
  0.222010108215E+01  0.721901989763E+00  0.943691106319E+00  0.646057541027E-01  0.160182813751E-01
  0.233127308636E+01  0.733007847154E+00  0.955601077654E+00  0.652140184673E-01  0.158305014534E-01
  0.245454810340E+01  0.745322758095E+00  0.968829532059E+00  0.658667001799E-01  0.156197127855E-01
  0.259124361484E+01  0.758978333492E+00  0.983524280565E+00  0.665657993234E-01  0.153841512790E-01
  0.274282050175E+01  0.774120509104E+00  0.999849982096E+00  0.673132946350E-01  0.151221848895E-01
  0.291089865104E+01  0.790911104515E+00  0.101799008423E+01  0.681111199184E-01  0.148323748238E-01
  0.309727426011E+01  0.809529551756E+00  0.103814898090E+01  0.689612193811E-01  0.145135764687E-01
  0.330393902449E+01  0.830174812026E+00  0.106055440810E+01  0.698653945243E-01  0.141649524931E-01
  0.353310141348E+01  0.853067500979E+00  0.108546010103E+01  0.708256756634E-01  0.137862025214E-01
  0.378721026086E+01  0.878452245276E+00  0.111314874007E+01  0.718435148327E-01  0.133773110054E-01
  0.406898092256E+01  0.906600295557E+00  0.114393522026E+01  0.729214400064E-01  0.129392396186E-01
  0.438142428068E+01  0.937812423732E+00  0.117817029130E+01  0.740599672704E-01  0.124728317389E-01
  0.472787890341E+01  0.972422135529E+00  0.121624463441E+01  0.752630644749E-01  0.119807530931E-01
  0.511204670436E+01  0.101079923259E+01  0.125859346681E+01  0.765291470922E-01  0.114644687544E-01
  0.553803248178E+01  0.105335376217E+01  0.130570178759E+01  0.778652170512E-01  0.109286996688E-01
  0.601038776011E+01  0.110054039655E+01  0.135811038158E+01  0.792658478868E-01  0.103750509429E-01
  0.650376722652E+01  0.114987834319E+01  0.141308580982E+01  0.806638424287E-01  0.984201490045E-02
  0.699714669292E+01  0.119921628983E+01  0.146823774269E+01  0.819907084073E-01  0.934898008752E-02
  0.747066893187E+01  0.124659333526E+01  0.152135353456E+01  0.832096251834E-01  0.891102220391E-02
  0.793312943017E+01  0.129286283675E+01  0.157337178324E+01  0.843510396339E-01  0.851345747924E-02
  0.837823569391E+01  0.133737346313E+01  0.162354672482E+01  0.854082388780E-01  0.815688099754E-02
  0.881087435236E+01  0.138065959255E+01  0.167246172311E+01  0.864030057345E-01  0.783275365283E-02
  0.923371703522E+01  0.142294386084E+01  0.172036720317E+01  0.873425653380E-01  0.753540067938E-02
  0.964131878549E+01  0.146372520383E+01  0.176668595186E+01  0.882246184919E-01  0.726591765577E-02
  0.100429935064E+02  0.150000000000E+01  0.180851939464E+01  0.866854161954E-01  0.667943233864E-02
  0.104446682273E+02  0.150000000000E+01  0.181346281281E+01  0.820683909625E-01  0.598686292905E-02
  0.108463429483E+02  0.150000000000E+01  0.181800978112E+01  0.797142000486E-01  0.564831439057E-02
  0.112480176692E+02  0.150000000000E+01  0.182233060949E+01  0.779974722573E-01  0.540764949203E-02
  0.116434658675E+02  0.150000000000E+01  0.182642972203E+01  0.766397243368E-01  0.522101986348E-02
  0.120250550314E+02  0.150000000000E+01  0.183027400969E+01  0.755324308037E-01  0.507124275833E-02
  0.124066441954E+02  0.150000000000E+01  0.183402953491E+01  0.745681590522E-01  0.494258697284E-02
  0.127882333594E+02  0.150000000000E+01  0.183770909456E+01  0.737129633069E-01  0.482986751954E-02
  0.131698225234E+02  0.150000000000E+01  0.184132085144E+01  0.729442055124E-01  0.472965077141E-02
  0.135514116874E+02  0.150000000000E+01  0.184487002199E+01  0.722459018056E-01  0.463952918019E-02
  0.139330008514E+02  0.150000000000E+01  0.184836000660E+01  0.716062808731E-01  0.455774174265E-02
  0.143145900153E+02  0.150000000000E+01  0.185179300212E+01  0.710163896937E-01  0.448295787123E-02
  0.146961791793E+02  0.150000000000E+01  0.185516996127E+01  0.704692443912E-01  0.441414613783E-02
  0.150777683433E+02  0.150000000000E+01  0.185848989749E+01  0.699592862188E-01  0.435049042511E-02
  0.154593575073E+02  0.150000000000E+01  0.186174902554E+01  0.694820180425E-01  0.429133407224E-02
  0.158409466713E+02  0.150000000000E+01  0.186494072257E+01  0.690337518884E-01  0.423614124426E-02
  0.162225358353E+02  0.150000000000E+01  0.186805710797E+01  0.686114268720E-01  0.418446924214E-02
  0.166041249992E+02  0.150000000000E+01  0.187109194834E+01  0.682124732136E-01  0.413594800170E-02
  0.169857141632E+02  0.150000000000E+01  0.187404338329E+01  0.678347081569E-01  0.409026456065E-02
  0.173673033272E+02  0.150000000000E+01  0.187691467792E+01  0.674762557353E-01  0.404715118938E-02
  0.177399225080E+02  0.150000000000E+01  0.187964717217E+01  0.671433040146E-01  0.400730957689E-02
  0.181024266014E+02  0.150000000000E+01  0.188224261916E+01  0.668342995812E-01  0.397050986712E-02
  0.184649306948E+02  0.150000000000E+01  0.188477667016E+01  0.665388957728E-01  0.393548857837E-02
  0.188274347882E+02  0.150000000000E+01  0.188724517313E+01  0.662561170013E-01  0.390210936897E-02
  0.191899388816E+02  0.150000000000E+01  0.188964137347E+01  0.659850930241E-01  0.387025111236E-02
  0.195524429750E+02  0.150000000000E+01  0.189196036402E+01  0.657250520608E-01  0.383980663857E-02
  0.199149470684E+02  0.150000000000E+01  0.189420371953E+01  0.654753148302E-01  0.381068164632E-02
  0.202774511618E+02  0.150000000000E+01  0.189638138091E+01  0.652352868852E-01  0.378279347111E-02
  0.206399552552E+02  0.150000000000E+01  0.189850941318E+01  0.650044483353E-01  0.375606960300E-02
  0.210024593485E+02  0.150000000000E+01  0.190060529598E+01  0.647823414126E-01  0.373044600791E-02
  0.213649634419E+02  0.150000000000E+01  0.190268360834E+01  0.645685572791E-01  0.370586541254E-02
  0.217274675353E+02  0.150000000000E+01  0.190475351031E+01  0.643627240271E-01  0.368227577261E-02
  0.220899716287E+02  0.150000000000E+01  0.190681773093E+01  0.641644972015E-01  0.365962906766E-02
  0.224524757221E+02  0.150000000000E+01  0.190887260913E+01  0.639735519895E-01  0.363788031481E-02
  0.228149798155E+02  0.150000000000E+01  0.191090961946E+01  0.637895741569E-01  0.361698646321E-02
  0.231774839089E+02  0.150000000000E+01  0.191291906047E+01  0.636122475243E-01  0.359690492008E-02
  0.235399880023E+02  0.150000000000E+01  0.191489486184E+01  0.634412394615E-01  0.357759187948E-02
  0.239024920957E+02  0.150000000000E+01  0.191683721221E+01  0.632761893897E-01  0.355900101660E-02
  0.242649961891E+02  0.150000000000E+01  0.191875082299E+01  0.631167056740E-01  0.354108314234E-02
  0.246275002825E+02  0.150000000000E+01  0.192064101554E+01  0.629623733376E-01  0.352378707226E-02
  0.249900043759E+02  0.150000000000E+01  0.192251156307E+01  0.628127704986E-01  0.350706145574E-02
  0.253525084693E+02  0.150000000000E+01  0.192436510345E+01  0.626674876167E-01  0.349085689262E-02
  0.257150125627E+02  0.150000000000E+01  0.192620359546E+01  0.625261426133E-01  0.347512756453E-02
  0.260775166561E+02  0.150000000000E+01  0.192802622663E+01  0.623883875552E-01  0.345983191266E-02
  0.264400207495E+02  0.150000000000E+01  0.192982446906E+01  0.622539074913E-01  0.344493244261E-02
  0.268025248428E+02  0.150000000000E+01  0.193157658776E+01  0.621224159743E-01  0.343039517020E-02
  0.271650289362E+02  0.150000000000E+01  0.193324593128E+01  0.619936525496E-01  0.341618929462E-02
  0.275275330296E+02  0.150000000000E+01  0.193478871545E+01  0.618673855186E-01  0.340228745859E-02
  0.278900371230E+02  0.150000000000E+01  0.193617494308E+01  0.617434199567E-01  0.338866658484E-02
  0.282525412164E+02  0.150000000000E+01  0.193741288696E+01  0.616216078861E-01  0.337530894086E-02
  0.286150453098E+02  0.150000000000E+01  0.193855046496E+01  0.615018563048E-01  0.336220295905E-02
  0.289775494032E+02  0.150000000000E+01  0.193964394466E+01  0.613841298553E-01  0.334934346497E-02
  0.293400534966E+02  0.150000000000E+01  0.194072835045E+01  0.612684475866E-01  0.333673126194E-02
  0.297025575900E+02  0.150000000000E+01  0.194181846816E+01  0.611548752468E-01  0.332437223684E-02
  0.300650616834E+02  0.150000000000E+01  0.194292527139E+01  0.610435144042E-01  0.331227613405E-02
  0.304275657768E+02  0.150000000000E+01  0.194406302392E+01  0.609344896383E-01  0.330045513553E-02
  0.307900698702E+02  0.150000000000E+01  0.194524224151E+01  0.608279366562E-01  0.328892255809E-02
  0.311525739636E+02  0.150000000000E+01  0.194645736685E+01  0.607239940762E-01  0.327769196139E-02
  0.315150780570E+02  0.150000000000E+01  0.194767923807E+01  0.606227980398E-01  0.326677657082E-02
  0.318775821504E+02  0.150000000000E+01  0.194885871139E+01  0.605244765528E-01  0.325618867732E-02
  0.322400862438E+02  0.150000000000E+01  0.194994237598E+01  0.604291422914E-01  0.324593887829E-02
  0.326025903371E+02  0.150000000000E+01  0.195089343754E+01  0.603368855887E-01  0.323603534448E-02
  0.329650944305E+02  0.150000000000E+01  0.195170545136E+01  0.602477702844E-01  0.322648339932E-02
  0.333275985239E+02  0.150000000000E+01  0.195240117563E+01  0.601618333634E-01  0.321728550546E-02
  0.336901026173E+02  0.150000000000E+01  0.195302024693E+01  0.600790870013E-01  0.320844150659E-02
  0.340526067107E+02  0.150000000000E+01  0.195360570833E+01  0.599995215532E-01  0.319994896588E-02
  0.344151108041E+02  0.150000000000E+01  0.195419612050E+01  0.599231093302E-01  0.319180358382E-02
  0.347776148975E+02  0.150000000000E+01  0.195482167069E+01  0.598498092702E-01  0.318399970638E-02
  0.351401189909E+02  0.150000000000E+01  0.195549623275E+01  0.597795723459E-01  0.317653090654E-02
  0.355026230843E+02  0.150000000000E+01  0.195619610929E+01  0.597123477823E-01  0.316939064682E-02
  0.358651271777E+02  0.150000000000E+01  0.195682386332E+01  0.596480903938E-01  0.316257305567E-02
  0.362276312711E+02  0.150000000000E+01  0.195721919686E+01  0.595867692982E-01  0.315607384480E-02
  0.365901353645E+02  0.150000000000E+01  0.195734200623E+01  0.595283778613E-01  0.314989135182E-02
  0.369526394579E+02  0.150000000000E+01  0.195741683733E+01  0.594729437590E-01  0.314402759055E-02
  0.373151435513E+02  0.150000000000E+01  0.195772342318E+01  0.594205356178E-01  0.313848893610E-02
  0.376776476447E+02  0.150000000000E+01  0.195837112122E+01  0.593712596481E-01  0.313328575307E-02
  0.380401517380E+02  0.150000000000E+01  0.195929827842E+01  0.593252408329E-01  0.312843039989E-02
  0.384026558314E+02  0.150000000000E+01  0.196036274625E+01  0.592825924867E-01  0.312393401951E-02
  0.387651599248E+02  0.150000000000E+01  0.196143606684E+01  0.592433905961E-01  0.311980384829E-02
  0.391100705378E+02  0.150000000000E+01  0.196247602081E+01  0.592093238160E-01  0.311621691266E-02
  0.394544370225E+02  0.150000000000E+01  0.196364687482E+01  0.591784715190E-01  0.311297021451E-02
  0.397988035072E+02  0.150000000000E+01  0.196500860233E+01  0.591508078609E-01  0.311006050720E-02
  0.401431699919E+02  0.150000000000E+01  0.196651480504E+01  0.591264063892E-01  0.310749505112E-02
  0.404875364766E+02  0.150000000000E+01  0.196806354087E+01  0.591054066311E-01  0.310528808270E-02
  0.408319029613E+02  0.150000000000E+01  0.196953622167E+01  0.590880285389E-01  0.310346232588E-02
  0.411762694460E+02  0.150000000000E+01  0.197080549517E+01  0.590745722225E-01  0.310204896291E-02
  0.415206359307E+02  0.150000000000E+01  0.197178244614E+01  0.590653930325E-01  0.310108502585E-02
  0.418650024155E+02  0.150000000000E+01  0.197252667018E+01  0.590608522669E-01  0.310060824044E-02
  0.422093689002E+02  0.150000000000E+01  0.197324300616E+01  0.590612558708E-01  0.310065061781E-02
  0.425537353849E+02  0.150000000000E+01  0.197410764245E+01  0.590667866157E-01  0.310123136099E-02
  0.428981018696E+02  0.150000000000E+01  0.197518485461E+01  0.590774626489E-01  0.310235252714E-02
  0.432424683543E+02  0.150000000000E+01  0.197648187103E+01  0.590931537369E-01  0.310400072762E-02
  0.435868348390E+02  0.150000000000E+01  0.197801547797E+01  0.591135502642E-01  0.310614384430E-02
  0.439312013237E+02  0.150000000000E+01  0.197979253599E+01  0.591381549252E-01  0.310873010486E-02
  0.442755678084E+02  0.150000000000E+01  0.198176928724E+01  0.591670124779E-01  0.311176476938E-02
  0.446199342931E+02  0.150000000000E+01  0.198380945584E+01  0.592089099133E-01  0.311617334500E-02
  0.449643007778E+02  0.150000000000E+01  0.198574077975E+01  0.592858991875E-01  0.312428252664E-02
  0.453086672625E+02  0.150000000000E+01  0.198736859153E+01  0.593549877448E-01  0.313156850683E-02
  0.456426468056E+02  0.150000000000E+01  0.198845229040E+01  0.594405186688E-01  0.314060023077E-02
  0.459529295093E+02  0.150000000000E+01  0.198902406076E+01  0.595644926798E-01  0.315371447840E-02
  0.462632122130E+02  0.150000000000E+01  0.198958521252E+01  0.596777354228E-01  0.316571742683E-02
  0.465734949166E+02  0.150000000000E+01  0.199036219453E+01  0.598036063778E-01  0.317908563181E-02
  0.468837776203E+02  0.150000000000E+01  0.199110704762E+01  0.599572413998E-01  0.319544070780E-02
  0.471736317912E+02  0.150000000000E+01  0.199140928897E+01  0.601018432268E-01  0.321087249712E-02
  0.474380562317E+02  0.150000000000E+01  0.199095022364E+01  0.602473504981E-01  0.322643843737E-02
  0.477312618570E+02  0.150000000000E+01  0.198923396839E+01  0.603713332068E-01  0.323973144282E-02
  0.480563876924E+02  0.150000000000E+01  0.198625935827E+01  0.605044085828E-01  0.325402974040E-02
  0.483918181946E+02  0.150000000000E+01  0.198333865635E+01  0.606509337238E-01  0.326980956584E-02
  0.487120718558E+02  0.150000000000E+01  0.198121133249E+01  0.607895288282E-01  0.328477050236E-02
  0.490025391192E+02  0.150000000000E+01  0.197941625286E+01  0.609227365875E-01  0.329918207406E-02
  0.492619785665E+02  0.150000000000E+01  0.197810184865E+01  0.610720660552E-01  0.331537533534E-02
  0.495170582218E+02  0.150000000000E+01  0.197668105762E+01  0.612346165033E-01  0.333304734072E-02
  0.497761827944E+02  0.150000000000E+01  0.197444711754E+01  0.614130981644E-01  0.335250544547E-02
  0.500049178417E+02  0.150000000000E+01  0.197217267971E+01  0.615767859748E-01  0.337040050754E-02
  0.502323247792E+02  0.150000000000E+01  0.197013134188E+01  0.617473627511E-01  0.338909938374E-02
  0.504568451622E+02  0.150000000000E+01  0.196819908485E+01  0.619256840426E-01  0.340870252812E-02
  0.506787140502E+02  0.150000000000E+01  0.196645979385E+01  0.621400691398E-01  0.343234506017E-02
  0.509198063010E+02  0.150000000000E+01  0.196494564005E+01  0.623911181473E-01  0.346013477659E-02
  0.511832231653E+02  0.150000000000E+01  0.196313971694E+01  0.626788139103E-01  0.349211885618E-02
  0.514726295477E+02  0.150000000000E+01  0.196043927417E+01  0.629764693858E-01  0.352536506337E-02
  0.517283735399E+02  0.150000000000E+01  0.195912765920E+01  0.632134874580E-01  0.355195110809E-02
  0.519809393966E+02  0.150000000000E+01  0.195910074398E+01  0.634926256668E-01  0.358338979028E-02
  0.521888699935E+02  0.150000000000E+01  0.195967558368E+01  0.637820827178E-01  0.361613695629E-02
  0.524171126276E+02  0.150000000000E+01  0.196071510501E+01  0.640916987799E-01  0.365132964667E-02
  0.526582598995E+02  0.150000000000E+01  0.196165040290E+01  0.644326214175E-01  0.369027795798E-02
  0.528994071715E+02  0.150000000000E+01  0.196235488244E+01  0.647860290601E-01  0.373087072123E-02
  0.531456405642E+02  0.150000000000E+01  0.196153626366E+01  0.651002251339E-01  0.376714605554E-02
  0.533795506677E+02  0.150000000000E+01  0.195779772572E+01  0.654137604335E-01  0.380352004805E-02
  0.535719711741E+02  0.150000000000E+01  0.195380273900E+01  0.657130692492E-01  0.383840664014E-02
  0.537741904235E+02  0.150000000000E+01  0.195131516508E+01  0.660866765906E-01  0.388217673137E-02
  0.539235883668E+02  0.150000000000E+01  0.195028536465E+01  0.663557343405E-01  0.391385198210E-02
  0.540761473056E+02  0.150000000000E+01  0.194957590937E+01  0.665920635230E-01  0.394178037711E-02
  0.542453140613E+02  0.150000000000E+01  0.194870092989E+01  0.668334176036E-01  0.397040507430E-02
  0.544218436791E+02  0.150000000000E+01  0.194854986781E+01  0.671051872030E-01  0.400276102182E-02
  0.545788438657E+02  0.150000000000E+01  0.194910631603E+01  0.673947312253E-01  0.403737759727E-02
  0.547508562905E+02  0.150000000000E+01  0.194995149470E+01  0.677433904803E-01  0.407925951446E-02
  0.549415912115E+02  0.150000000000E+01  0.195072393592E+01  0.681706882465E-01  0.413088243200E-02
  0.551473828424E+02  0.150000000000E+01  0.195068768840E+01  0.686490699440E-01  0.418906204815E-02
  0.553252038688E+02  0.150000000000E+01  0.195041014112E+01  0.690827365425E-01  0.424215510062E-02
  0.555071408604E+02  0.150000000000E+01  0.195001878376E+01  0.695071817095E-01  0.429444294151E-02
  0.557088774637E+02  0.150000000000E+01  0.194932539061E+01  0.699683138312E-01  0.435161328034E-02
  0.559125532960E+02  0.150000000000E+01  0.194781577727E+01  0.704928213936E-01  0.441710032714E-02
  0.560649260950E+02  0.150000000000E+01  0.194589893490E+01  0.709734839802E-01  0.447754260292E-02
  0.562220837976E+02  0.150000000000E+01  0.194345919344E+01  0.715179021678E-01  0.454649807154E-02
  0.563952103906E+02  0.150000000000E+01  0.194073569435E+01  0.721712345759E-01  0.462994408908E-02
  0.565871125345E+02  0.150000000000E+01  0.193828697081E+01  0.729257436402E-01  0.472725696487E-02
  0.567749342407E+02  0.150000000000E+01  0.193729783871E+01  0.737569191223E-01  0.483562943859E-02
  0.569077689737E+02  0.150000000000E+01  0.193737927365E+01  0.744079303755E-01  0.492136898023E-02
  0.570424773080E+02  0.150000000000E+01  0.193771939152E+01  0.750680641399E-01  0.500907933664E-02
  0.571903617091E+02  0.150000000000E+01  0.193834085267E+01  0.757939590885E-01  0.510642154161E-02
  0.573467031225E+02  0.150000000000E+01  0.193923545101E+01  0.765606711709E-01  0.521025455124E-02
  0.575052799049E+02  0.150000000000E+01  0.194044834366E+01  0.773423204452E-01  0.531718625053E-02
  0.576382024935E+02  0.150000000000E+01  0.194170877908E+01  0.780676864169E-01  0.541738992222E-02
  0.577842643722E+02  0.150000000000E+01  0.194270227002E+01  0.788960987369E-01  0.553297279636E-02
  0.579462272973E+02  0.150000000000E+01  0.194272307426E+01  0.799063396930E-01  0.567557610945E-02
  0.581213069885E+02  0.150000000000E+01  0.194264545506E+01  0.810881872682E-01  0.584470587951E-02
  0.583049581284E+02  0.150000000000E+01  0.194275103786E+01  0.822276159622E-01  0.601011629051E-02
  0.584711739088E+02  0.150000000000E+01  0.194130177294E+01  0.832377689182E-01  0.615868993287E-02
  0.586292221247E+02  0.150000000000E+01  0.193966258034E+01  0.842411490153E-01  0.630806327771E-02
  0.587977879182E+02  0.150000000000E+01  0.193855237207E+01  0.852805395634E-01  0.646468482509E-02
  0.589803992219E+02  0.150000000000E+01  0.193906515070E+01  0.863592012906E-01  0.662925479781E-02
  0.591518731257E+02  0.150000000000E+01  0.194106375148E+01  0.874322892179E-01  0.679502684256E-02
  0.593126618508E+02  0.150000000000E+01  0.194372375555E+01  0.884990351341E-01  0.696184819526E-02
  0.594600630803E+02  0.150000000000E+01  0.194591822548E+01  0.895038512090E-01  0.712083500556E-02
  0.596023813387E+02  0.150000000000E+01  0.194757074408E+01  0.905253529353E-01  0.728430179917E-02
  0.597445526820E+02  0.150000000000E+01  0.194970417276E+01  0.915192308089E-01  0.744512854031E-02
  0.598942363906E+02  0.150000000000E+01  0.195259980494E+01  0.924855470877E-01  0.760317904010E-02
  0.600602186735E+02  0.150000000000E+01  0.195581792370E+01  0.935286844705E-01  0.777565761669E-02
  0.602228810179E+02  0.150000000000E+01  0.195863324761E+01  0.944697242236E-01  0.793291448434E-02
  0.603986973226E+02  0.150000000000E+01  0.196082527092E+01  0.953358423343E-01  0.807904251875E-02
  0.605794324985E+02  0.150000000000E+01  0.196117830869E+01  0.961761839898E-01  0.822209632607E-02
  0.607760857722E+02  0.150000000000E+01  0.196030575494E+01  0.970789233031E-01  0.837717097750E-02
  0.609532183593E+02  0.150000000000E+01  0.195947723481E+01  0.978134468788E-01  0.850441812472E-02
  0.611245251246E+02  0.150000000000E+01  0.195715041887E+01  0.983546336906E-01  0.859878574971E-02
  0.613142463538E+02  0.150000000000E+01  0.195183181542E+01  0.989065768553E-01  0.869556528466E-02
  0.615188844151E+02  0.150000000000E+01  0.194858915728E+01  0.993914531077E-01  0.878103195632E-02
  0.617029516680E+02  0.150000000000E+01  0.194581733827E+01  0.997633581915E-01  0.884686901124E-02
  0.618944786571E+02  0.150000000000E+01  0.194250537247E+01  0.100116074996E+00  0.890953642005E-02
  0.620611380848E+02  0.150000000000E+01  0.194048439981E+01  0.100391446175E+00  0.895861552454E-02
  0.622207219454E+02  0.150000000000E+01  0.194166719431E+01  0.100580606502E+00  0.899240747056E-02
  0.623878578511E+02  0.150000000000E+01  0.194229743019E+01  0.100776651793E+00  0.902749648581E-02
  0.625731225075E+02  0.150000000000E+01  0.194253567422E+01  0.100918529249E+00  0.905293292966E-02
  0.627747753162E+02  0.150000000000E+01  0.194302416887E+01  0.100955146294E+00  0.905950361174E-02
  0.629654052761E+02  0.150000000000E+01  0.194281219775E+01  0.100890662602E+00  0.904793404463E-02
  0.631657138707E+02  0.150000000000E+01  0.194336665015E+01  0.100819854766E+00  0.903523832447E-02
  0.633742863814E+02  0.150000000000E+01  0.194483050921E+01  0.100772131573E+00  0.902668666820E-02
  0.635736610666E+02  0.150000000000E+01  0.194429664261E+01  0.100685331107E+00  0.901114302233E-02
  0.637854509034E+02  0.150000000000E+01  0.194203451192E+01  0.100563325507E+00  0.898931772177E-02
  0.640177309977E+02  0.150000000000E+01  0.193799327143E+01  0.100445696779E+00  0.896830044565E-02
  0.642538484020E+02  0.150000000000E+01  0.193420291224E+01  0.100325728880E+00  0.894689055576E-02
  0.644863310595E+02  0.150000000000E+01  0.193429881718E+01  0.100179702510E+00  0.892086470666E-02
  0.646834809473E+02  0.150000000000E+01  0.193661165363E+01  0.100007977634E+00  0.889030719142E-02
  0.648873401791E+02  0.150000000000E+01  0.193967939169E+01  0.997923985949E-01  0.885202028207E-02
  0.651132318570E+02  0.150000000000E+01  0.194226755383E+01  0.995459521368E-01  0.880835252162E-02
  0.653637165670E+02  0.150000000000E+01  0.194541546944E+01  0.993205819243E-01  0.876851377224E-02
  0.656107497046E+02  0.150000000000E+01  0.194758776520E+01  0.991410109914E-01  0.873683560924E-02
  0.658674673502E+02  0.150000000000E+01  0.194854515289E+01  0.989630420911E-01  0.870549662215E-02
  0.661225099932E+02  0.150000000000E+01  0.194693073858E+01  0.987701716569E-01  0.867159716368E-02
  0.663788739204E+02  0.150000000000E+01  0.194455844589E+01  0.985496558378E-01  0.863291970289E-02
  0.666516032324E+02  0.150000000000E+01  0.194120385480E+01  0.983787923473E-01  0.860301047440E-02
  0.669184726104E+02  0.150000000000E+01  0.193850471074E+01  0.981647241403E-01  0.856561161382E-02
  0.671921241644E+02  0.150000000000E+01  0.193666587928E+01  0.978583707850E-01  0.851223176240E-02
  0.674437402647E+02  0.150000000000E+01  0.193417839627E+01  0.975548212740E-01  0.845950502560E-02
  0.676585293447E+02  0.150000000000E+01  0.193343887334E+01  0.973193813042E-01  0.841872175772E-02
  0.678888686158E+02  0.150000000000E+01  0.193374489643E+01  0.971119451852E-01  0.838287102014E-02
  0.681442800071E+02  0.150000000000E+01  0.193316574693E+01  0.969050438410E-01  0.834718890829E-02
  0.684127089239E+02  0.150000000000E+01  0.193302245749E+01  0.967089943337E-01  0.831344852002E-02
  0.687047164660E+02  0.150000000000E+01  0.193189613335E+01  0.964896039324E-01  0.827577214847E-02
  0.689722096557E+02  0.150000000000E+01  0.193218894578E+01  0.962751252305E-01  0.823902198947E-02
  0.692272785276E+02  0.150000000000E+01  0.193263822316E+01  0.961146136084E-01  0.821157239919E-02
  0.694905505585E+02  0.150000000000E+01  0.193080152080E+01  0.959912795315E-01  0.819051177430E-02
  0.697678985663E+02  0.150000000000E+01  0.192727526740E+01  0.958404921566E-01  0.816479994384E-02
  0.700425172743E+02  0.150000000000E+01  0.192430408060E+01  0.956364626400E-01  0.813007376560E-02
  0.702611167332E+02  0.150000000000E+01  0.192235912669E+01  0.954677954181E-01  0.810142218843E-02
  0.704954013117E+02  0.150000000000E+01  0.192132166874E+01  0.953127196826E-01  0.807512402960E-02
  0.707523481373E+02  0.150000000000E+01  0.192084544216E+01  0.951746548571E-01  0.805174660192E-02
  0.709937862922E+02  0.150000000000E+01  0.191945482390E+01  0.950575108984E-01  0.803193811395E-02
  0.712424986707E+02  0.150000000000E+01  0.191578468545E+01  0.950000731939E-01  0.802223458386E-02
  0.715146202225E+02  0.150000000000E+01  0.191146829541E+01  0.949372634844E-01  0.801163022036E-02
  0.717872384895E+02  0.150000000000E+01  0.191079164860E+01  0.948538661283E-01  0.799756081733E-02
  0.720828831505E+02  0.150000000000E+01  0.191186672040E+01  0.947458492299E-01  0.797935639670E-02
  0.724107235151E+02  0.150000000000E+01  0.191125768039E+01  0.945998355861E-01  0.795478123814E-02
  0.727318091316E+02  0.150000000000E+01  0.190920340058E+01  0.945123293967E-01  0.794007147377E-02
  0.730234558321E+02  0.150000000000E+01  0.190791690763E+01  0.944093153222E-01  0.792277228409E-02
  0.732487590858E+02  0.150000000000E+01  0.190828876347E+01  0.943247618259E-01  0.790858728312E-02
  0.734380270498E+02  0.150000000000E+01  0.190880893197E+01  0.942603459972E-01  0.789778918001E-02
  0.736353586932E+02  0.150000000000E+01  0.190836622725E+01  0.942120734999E-01  0.788970203836E-02
  0.738541018218E+02  0.150000000000E+01  0.190726278233E+01  0.942023338506E-01  0.788807084702E-02
  0.740966508656E+02  0.150000000000E+01  0.190589086051E+01  0.942360064283E-01  0.789371102893E-02
  0.743648720407E+02  0.150000000000E+01  0.190451060566E+01  0.943320061075E-01  0.790980211224E-02
  0.746280757461E+02  0.150000000000E+01  0.190333043499E+01  0.944819631501E-01  0.793497009839E-02
  0.748754710271E+02  0.150000000000E+01  0.190321442068E+01  0.946231203282E-01  0.795869768946E-02
  0.751379335163E+02  0.150000000000E+01  0.190416013946E+01  0.947074317505E-01  0.797288678114E-02
  0.753894711903E+02  0.150000000000E+01  0.190569650528E+01  0.947536799382E-01  0.798067543273E-02
  0.755776997666E+02  0.150000000000E+01  0.190675490661E+01  0.947893074652E-01  0.798667805309E-02
  0.757721007802E+02  0.150000000000E+01  0.190730381744E+01  0.948051205074E-01  0.798934299948E-02
  0.759876627772E+02  0.150000000000E+01  0.190767911101E+01  0.947936539712E-01  0.798741051841E-02
  0.762266889217E+02  0.150000000000E+01  0.190874411870E+01  0.947788904591E-01  0.798492273480E-02
  0.764890604758E+02  0.150000000000E+01  0.191108052309E+01  0.948250247461E-01  0.799269806054E-02
  0.767461033469E+02  0.150000000000E+01  0.191366953491E+01  0.949058499796E-01  0.800632920919E-02
  0.769769620824E+02  0.150000000000E+01  0.191574627272E+01  0.949847977076E-01  0.801965492938E-02
  0.771928049381E+02  0.150000000000E+01  0.191701569498E+01  0.950616428854E-01  0.803263639828E-02
  0.774257086835E+02  0.150000000000E+01  0.191689577076E+01  0.951559158151E-01  0.804857627966E-02
  0.776515715304E+02  0.150000000000E+01  0.191647073152E+01  0.952772383465E-01  0.806911301950E-02
  0.778972704180E+02  0.150000000000E+01  0.191800838103E+01  0.953681798156E-01  0.808452419675E-02
  0.781337667005E+02  0.150000000000E+01  0.192147520657E+01  0.954200636479E-01  0.809332315250E-02
  0.783697359109E+02  0.150000000000E+01  0.192479811154E+01  0.954663469932E-01  0.810117636286E-02
  0.786214323651E+02  0.150000000000E+01  0.192589193970E+01  0.954978896807E-01  0.810653060753E-02
  0.788569595533E+02  0.150000000000E+01  0.192457352547E+01  0.955428764800E-01  0.811416999651E-02
  0.790583183864E+02  0.150000000000E+01  0.192259896478E+01  0.955692585638E-01  0.811865171771E-02
  0.792784795056E+02  0.150000000000E+01  0.192133100943E+01  0.955877742995E-01  0.812179786270E-02
  0.795225727151E+02  0.150000000000E+01  0.192134222142E+01  0.956150050322E-01  0.812642594428E-02
  0.797767816120E+02  0.150000000000E+01  0.192225691419E+01  0.956314750406E-01  0.812922579417E-02
  0.800502880846E+02  0.150000000000E+01  0.192320500283E+01  0.956102652875E-01  0.812562029187E-02
  0.803091711879E+02  0.150000000000E+01  0.192389660555E+01  0.955812454155E-01  0.812068842239E-02
  0.805154156749E+02  0.150000000000E+01  0.192381770201E+01  0.955615462392E-01  0.811734143968E-02
  0.807024565876E+02  0.150000000000E+01  0.192281247028E+01  0.955637549098E-01  0.811771666885E-02
  0.808987378599E+02  0.150000000000E+01  0.192190500769E+01  0.955869101388E-01  0.812165101323E-02
  0.811053616417E+02  0.150000000000E+01  0.192155402763E+01  0.956162837089E-01  0.812664329804E-02
  0.812754611694E+02  0.150000000000E+01  0.192168090166E+01  0.956437862058E-01  0.813131896870E-02
  0.814488508790E+02  0.150000000000E+01  0.192227687047E+01  0.956680153186E-01  0.813543924889E-02
  0.816411206259E+02  0.150000000000E+01  0.192326002942E+01  0.957060626063E-01  0.814191148410E-02
  0.818543260028E+02  0.150000000000E+01  0.192358258618E+01  0.957628423296E-01  0.815157508537E-02
  0.820907463845E+02  0.150000000000E+01  0.192255097120E+01  0.958202412693E-01  0.816134989946E-02
  0.823529092869E+02  0.150000000000E+01  0.192174767009E+01  0.958568456469E-01  0.816758653989E-02
  0.826093261468E+02  0.150000000000E+01  0.192174319468E+01  0.958603693656E-01  0.816818703548E-02
  0.828891050488E+02  0.150000000000E+01  0.192126840848E+01  0.958185578961E-01  0.816106314426E-02
  0.831579374873E+02  0.150000000000E+01  0.192145818482E+01  0.957055156176E-01  0.814181841745E-02
  0.833999687595E+02  0.150000000000E+01  0.192256965076E+01  0.955665221635E-01  0.811818680749E-02
  0.836429604089E+02  0.150000000000E+01  0.192437209939E+01  0.954076465590E-01  0.809121690839E-02
  0.838620295291E+02  0.150000000000E+01  0.192688997369E+01  0.952879014837E-01  0.807091926148E-02
  0.841049478927E+02  0.150000000000E+01  0.192939976465E+01  0.952360508806E-01  0.806213812207E-02
  0.843601847102E+02  0.150000000000E+01  0.193238316290E+01  0.952406667056E-01  0.806291963958E-02
  0.845918841781E+02  0.150000000000E+01  0.193660612635E+01  0.951730582800E-01  0.805147646433E-02
  0.848222729491E+02  0.150000000000E+01  0.194133539362E+01  0.950618115681E-01  0.803266490543E-02
  0.850758411702E+02  0.150000000000E+01  0.194518854932E+01  0.949518796696E-01  0.801409729136E-02
  0.853439014599E+02  0.150000000000E+01  0.194757860956E+01  0.948115135422E-01  0.799042053349E-02
  0.856157962723E+02  0.150000000000E+01  0.194951179098E+01  0.946717940520E-01  0.796688763468E-02
  0.858466117012E+02  0.150000000000E+01  0.195122231051E+01  0.945919602426E-01  0.795345683780E-02
  0.860293181479E+02  0.150000000000E+01  0.195193355167E+01  0.945669437286E-01  0.794925052993E-02
  0.862266555841E+02  0.150000000000E+01  0.195172791260E+01  0.945651821934E-01  0.794895438514E-02
  0.864454793475E+02  0.150000000000E+01  0.195009825573E+01  0.945864309168E-01  0.795252703429E-02
  0.866874371399E+02  0.150000000000E+01  0.194787127663E+01  0.946266179055E-01  0.795928605888E-02
  0.869483219255E+02  0.150000000000E+01  0.194591832372E+01  0.946138546690E-01  0.795713910696E-02
  0.872251804896E+02  0.150000000000E+01  0.194379924815E+01  0.945781393939E-01  0.795113284552E-02
  0.874978356105E+02  0.150000000000E+01  0.194092611354E+01  0.945899460660E-01  0.795311813046E-02
  0.877577821522E+02  0.150000000000E+01  0.193854234572E+01  0.946913616084E-01  0.797018130067E-02
  0.879989658083E+02  0.150000000000E+01  0.193701475460E+01  0.948194782051E-01  0.799176306407E-02
  0.882511273454E+02  0.150000000000E+01  0.193567357761E+01  0.949666935892E-01  0.801659812557E-02
  0.885202952116E+02  0.150000000000E+01  0.193477766482E+01  0.950892459399E-01  0.803730194971E-02
  0.887782330176E+02  0.150000000000E+01  0.193309129775E+01  0.951798395881E-01  0.805262387913E-02
  0.889885471752E+02  0.150000000000E+01  0.193172440105E+01  0.952973314535E-01  0.807251678415E-02
  0.891919945553E+02  0.150000000000E+01  0.192969142035E+01  0.954694168923E-01  0.810169738823E-02
  0.894156292819E+02  0.150000000000E+01  0.192686631941E+01  0.956711049834E-01  0.813596473665E-02
  0.896392910321E+02  0.150000000000E+01  0.192640077725E+01  0.958322038399E-01  0.816338781584E-02
  0.898431704670E+02  0.150000000000E+01  0.192729622718E+01  0.959111150794E-01  0.817683732958E-02
  0.900459263523E+02  0.150000000000E+01  0.192778748548E+01  0.960039080904E-01  0.819266699434E-02
  0.902249924279E+02  0.150000000000E+01  0.192769582781E+01  0.960919514809E-01  0.820770056836E-02
  0.903956761302E+02  0.150000000000E+01  0.192819645925E+01  0.961755411513E-01  0.822198641400E-02
  0.905849337214E+02  0.150000000000E+01  0.192957720402E+01  0.962849077642E-01  0.824069641169E-02
  0.907947861841E+02  0.150000000000E+01  0.193074544806E+01  0.964139786010E-01  0.826280468416E-02
  0.910247622620E+02  0.150000000000E+01  0.192901641641E+01  0.965081980686E-01  0.827896203952E-02
  0.912526515125E+02  0.150000000000E+01  0.192552072249E+01  0.965016860752E-01  0.827784481366E-02
  0.914935690962E+02  0.150000000000E+01  0.192124572370E+01  0.964578310169E-01  0.827032281287E-02
  0.917184415853E+02  0.150000000000E+01  0.191582683756E+01  0.963588774448E-01  0.825336289993E-02
  0.919227167394E+02  0.150000000000E+01  0.191329935289E+01  0.962565728191E-01  0.823584694301E-02
  0.921492143758E+02  0.150000000000E+01  0.191463024718E+01  0.961331360158E-01  0.821473763577E-02
  0.923859088489E+02  0.150000000000E+01  0.191741673347E+01  0.960388545955E-01  0.819863252623E-02
  0.926363059609E+02  0.150000000000E+01  0.192051825835E+01  0.960515566626E-01  0.820080136650E-02
  0.928668723092E+02  0.150000000000E+01  0.192358652018E+01  0.960838361365E-01  0.820631428151E-02
  0.930737298736E+02  0.150000000000E+01  0.192564111591E+01  0.961058931238E-01  0.821008239388E-02
  0.932837122190E+02  0.150000000000E+01  0.192594567569E+01  0.961326252623E-01  0.821465034651E-02
  0.935164947528E+02  0.150000000000E+01  0.192474168147E+01  0.961107132810E-01  0.821090596212E-02
  0.937683504671E+02  0.150000000000E+01  0.192292900559E+01  0.960518813085E-01  0.820085680257E-02
  0.940202061814E+02  0.150000000000E+01  0.192258180886E+01  0.959952817617E-01  0.819119477379E-02
  0.942720618956E+02  0.150000000000E+01  0.192186841482E+01  0.959539866652E-01  0.818414893951E-02
  0.945388184470E+02  0.150000000000E+01  0.192084081275E+01  0.958784833919E-01  0.817127429114E-02
  0.948182683039E+02  0.150000000000E+01  0.192018085603E+01  0.958313638623E-01  0.816324471085E-02
  0.951044366276E+02  0.150000000000E+01  0.191919965186E+01  0.958341844280E-01  0.816372524887E-02
  0.954060019333E+02  0.150000000000E+01  0.191682870499E+01  0.958544119710E-01  0.816717181716E-02
  0.956843412722E+02  0.150000000000E+01  0.191324505109E+01  0.959168246864E-01  0.817781089594E-02
  0.959040086166E+02  0.150000000000E+01  0.191090426858E+01  0.959461518263E-01  0.818281248914E-02
  0.961403954926E+02  0.150000000000E+01  0.190833140648E+01  0.959694005570E-01  0.818677852736E-02
  0.964025207099E+02  0.150000000000E+01  0.190567253317E+01  0.959351539496E-01  0.818093667852E-02
  0.966683103699E+02  0.150000000000E+01  0.190375544857E+01  0.958330323416E-01  0.816352896692E-02
  0.969168885859E+02  0.150000000000E+01  0.190433303048E+01  0.957985738716E-01  0.815765933852E-02
  0.971674728981E+02  0.150000000000E+01  0.190547104688E+01  0.958168867460E-01  0.816077847618E-02
  0.974394067087E+02  0.150000000000E+01  0.190699010141E+01  0.958002598196E-01  0.815794647244E-02
  0.977243453621E+02  0.150000000000E+01  0.190891236810E+01  0.957523070282E-01  0.814978160109E-02
  0.980059962886E+02  0.150000000000E+01  0.191005649228E+01  0.956515027088E-01  0.813263108484E-02
  0.982437579908E+02  0.150000000000E+01  0.191165465745E+01  0.955650714697E-01  0.811794034223E-02
  0.984893365517E+02  0.150000000000E+01  0.191326200148E+01  0.954714817153E-01  0.810204784082E-02
  0.987016328971E+02  0.150000000000E+01  0.191470661993E+01  0.953819494680E-01  0.808685891939E-02
  0.988904300684E+02  0.150000000000E+01  0.191584885535E+01  0.953007943318E-01  0.807310346691E-02
  0.990920440717E+02  0.150000000000E+01  0.191649002262E+01  0.952168983210E-01  0.805889575633E-02
  0.993155897151E+02  0.150000000000E+01  0.191647076384E+01  0.950911452878E-01  0.803762303302E-02
  0.995637253792E+02  0.150000000000E+01  0.191589897463E+01  0.949134844394E-01  0.800761735860E-02
  0.998388830173E+02  0.150000000000E+01  0.191446017463E+01  0.947435950543E-01  0.797897671449E-02
  0.100098733202E+03  0.150000000000E+01  0.191280363389E+01  0.946618694904E-01  0.796521736482E-02
  0.100332353357E+03  0.150000000000E+01  0.191290848789E+01  0.946651107352E-01  0.796576283601E-02
  0.100563550958E+03  0.150000000000E+01  0.191418334786E+01  0.947037189156E-01  0.797226166795E-02
  0.100792967644E+03  0.150000000000E+01  0.191503762422E+01  0.947426040025E-01  0.797880978949E-02
  0.101039874725E+03  0.150000000000E+01  0.191452794447E+01  0.947327051593E-01  0.797714260160E-02
  0.101260241589E+03  0.150000000000E+01  0.191307619709E+01  0.947369582997E-01  0.797785890478E-02
  0.101466335609E+03  0.150000000000E+01  0.191266347223E+01  0.947795114131E-01  0.798502736329E-02
  0.101668208532E+03  0.150000000000E+01  0.191294149063E+01  0.948370763328E-01  0.799472981987E-02
  0.101874551287E+03  0.150000000000E+01  0.191379266442E+01  0.949450457163E-01  0.801294373873E-02
  0.102092078254E+03  0.150000000000E+01  0.191466653951E+01  0.950492239834E-01  0.803053775986E-02
  0.102333088103E+03  0.150000000000E+01  0.191544669727E+01  0.951495469071E-01  0.804749891255E-02
  0.102600340464E+03  0.150000000000E+01  0.191621520997E+01  0.952334812062E-01  0.806170306013E-02
  0.102869957098E+03  0.150000000000E+01  0.191643293180E+01  0.952352002962E-01  0.806199411151E-02
  0.103098009578E+03  0.150000000000E+01  0.191631480953E+01  0.951787213676E-01  0.805243466770E-02
  0.103321173169E+03  0.150000000000E+01  0.191675991534E+01  0.951033971752E-01  0.803969435934E-02
  0.103563726177E+03  0.150000000000E+01  0.191677586303E+01  0.950622807237E-01  0.803274419235E-02
  0.103805780865E+03  0.150000000000E+01  0.191720615606E+01  0.950253654149E-01  0.802650673088E-02
  0.104029818811E+03  0.150000000000E+01  0.191772058149E+01  0.950081539578E-01  0.802359939420E-02
  0.104275201639E+03  0.150000000000E+01  0.191950881255E+01  0.949929097713E-01  0.802102480605E-02
  0.104485356432E+03  0.150000000000E+01  0.192052020980E+01  0.949455172822E-01  0.801302333510E-02
  0.104688991142E+03  0.150000000000E+01  0.192128536700E+01  0.948698027312E-01  0.800024841800E-02
  0.104914348194E+03  0.150000000000E+01  0.192207874090E+01  0.948138421137E-01  0.799081302788E-02
  0.105164238772E+03  0.150000000000E+01  0.192316081439E+01  0.947996812938E-01  0.798842628748E-02
  0.105423357991E+03  0.150000000000E+01  0.192276080492E+01  0.947579862059E-01  0.798140084426E-02
  0.105707548937E+03  0.150000000000E+01  0.192077363442E+01  0.947746742288E-01  0.798421233349E-02
  0.106004971057E+03  0.150000000000E+01  0.192005890028E+01  0.948380105024E-01  0.799488732094E-02
  0.106317925425E+03  0.150000000000E+01  0.192084158425E+01  0.949260849609E-01  0.800974364978E-02
  0.106615921812E+03  0.150000000000E+01  0.192096408627E+01  0.949436669856E-01  0.801271102283E-02
  0.106893130276E+03  0.150000000000E+01  0.191987823872E+01  0.949257133327E-01  0.800968093487E-02
  0.107156061696E+03  0.150000000000E+01  0.191769038847E+01  0.949083908841E-01  0.800675792018E-02
  0.107403226933E+03  0.150000000000E+01  0.191672823124E+01  0.949480716426E-01  0.801345449657E-02
  0.107623861799E+03  0.150000000000E+01  0.191774973784E+01  0.949883122314E-01  0.802024840940E-02
  0.107857977424E+03  0.150000000000E+01  0.191924155534E+01  0.950372212350E-01  0.802850970673E-02
  0.108093541159E+03  0.150000000000E+01  0.192043214653E+01  0.951318100273E-01  0.804449891472E-02
  0.108314359154E+03  0.150000000000E+01  0.192107400846E+01  0.952378801150E-01  0.806244783004E-02
  0.108548518947E+03  0.150000000000E+01  0.192230922245E+01  0.953021062295E-01  0.807332573492E-02
  0.108808018762E+03  0.150000000000E+01  0.192476213147E+01  0.953144347643E-01  0.807541464395E-02
  0.109049997626E+03  0.150000000000E+01  0.192755956282E+01  0.953447422728E-01  0.808055100362E-02
  0.109256508928E+03  0.150000000000E+01  0.192889869156E+01  0.953736809455E-01  0.808545690409E-02
  0.109479736241E+03  0.150000000000E+01  0.193031347831E+01  0.954024243515E-01  0.809033117525E-02
  0.109724979453E+03  0.150000000000E+01  0.193048651833E+01  0.954217126364E-01  0.809360288219E-02
  0.109925460890E+03  0.150000000000E+01  0.193000324486E+01  0.954629912708E-01  0.810060684655E-02
  0.110126053287E+03  0.150000000000E+01  0.192880776605E+01  0.955091008576E-01  0.810843408589E-02
  0.110338715548E+03  0.150000000000E+01  0.192618152833E+01  0.955732271387E-01  0.811932599618E-02
  0.110562448097E+03  0.150000000000E+01  0.192251568582E+01  0.956148688141E-01  0.812640278963E-02
  0.110809524040E+03  0.150000000000E+01  0.191834426247E+01  0.956409099423E-01  0.813082991519E-02
  0.111060214202E+03  0.150000000000E+01  0.191596777168E+01  0.956455583889E-01  0.813162030180E-02
  0.111318895459E+03  0.150000000000E+01  0.191599762969E+01  0.956584255540E-01  0.813380833730E-02
  0.111513633982E+03  0.150000000000E+01  0.191651158718E+01  0.956980344824E-01  0.814054560337E-02
  0.111725728212E+03  0.150000000000E+01  0.191772742323E+01  0.957466404566E-01  0.814881702997E-02
  0.111940590487E+03  0.150000000000E+01  0.191885134357E+01  0.957897216695E-01  0.815615180224E-02
  0.112177433173E+03  0.150000000000E+01  0.191884786873E+01  0.957676620138E-01  0.815239563341E-02
  0.112440066208E+03  0.150000000000E+01  0.191798871370E+01  0.956938766981E-01  0.813983825556E-02
  0.112682045312E+03  0.150000000000E+01  0.191638055253E+01  0.956322659638E-01  0.812936026077E-02
  0.112913827862E+03  0.150000000000E+01  0.191469335443E+01  0.955949560976E-01  0.812301833894E-02
  0.113156633384E+03  0.150000000000E+01  0.191314564810E+01  0.955283047676E-01  0.811169512157E-02
  0.113384522349E+03  0.150000000000E+01  0.191168829620E+01  0.954398049273E-01  0.809667232406E-02
  0.113630100290E+03  0.150000000000E+01  0.190883843137E+01  0.953707688891E-01  0.808496316311E-02
  0.113858269666E+03  0.150000000000E+01  0.190679917039E+01  0.953370173314E-01  0.807924166546E-02
  0.114078515598E+03  0.150000000000E+01  0.190589754150E+01  0.952829795933E-01  0.807008551127E-02
  0.114321567800E+03  0.150000000000E+01  0.190615331373E+01  0.952111547502E-01  0.805792354566E-02
  0.114591076230E+03  0.150000000000E+01  0.190746860723E+01  0.951827648026E-01  0.805311885819E-02
  0.114820899119E+03  0.150000000000E+01  0.190891765772E+01  0.951901641392E-01  0.805437097676E-02
  0.115056576436E+03  0.150000000000E+01  0.191066366921E+01  0.952680885047E-01  0.806756327764E-02
  0.115295957457E+03  0.150000000000E+01  0.191221603131E+01  0.954014186309E-01  0.809016060159E-02
  0.115551840625E+03  0.150000000000E+01  0.191382431397E+01  0.955094265082E-01  0.810848937950E-02
  0.115835312709E+03  0.150000000000E+01  0.191444265766E+01  0.956343454890E-01  0.812971381076E-02
  0.116112773724E+03  0.150000000000E+01  0.191427768833E+01  0.957360019171E-01  0.814700627828E-02
  0.116384610156E+03  0.150000000000E+01  0.191294649385E+01  0.958483701888E-01  0.816614228254E-02
  0.116682861294E+03  0.150000000000E+01  0.191077134930E+01  0.960330203882E-01  0.819763644879E-02
  0.116941844119E+03  0.150000000000E+01  0.190951500560E+01  0.961982721487E-01  0.822587339057E-02
  0.117173920950E+03  0.150000000000E+01  0.190784703744E+01  0.962754322820E-01  0.823907454319E-02
  0.117420011588E+03  0.150000000000E+01  0.190530785402E+01  0.962092453835E-01  0.822775013090E-02
  0.117678249416E+03  0.150000000000E+01  0.190426990578E+01  0.960545374352E-01  0.820131036613E-02
  0.117890368509E+03  0.150000000000E+01  0.190418592955E+01  0.959946064090E-01  0.819107951966E-02
  0.118102295797E+03  0.150000000000E+01  0.190412422087E+01  0.959757783233E-01  0.818786668868E-02
  0.118337282166E+03  0.150000000000E+01  0.190413807167E+01  0.960223674716E-01  0.819581782653E-02
  0.118555430638E+03  0.150000000000E+01  0.190432698440E+01  0.961056205213E-01  0.821003581847E-02
  0.118772493469E+03  0.150000000000E+01  0.190536620446E+01  0.961490542413E-01  0.821745833910E-02
  0.119005567071E+03  0.150000000000E+01  0.190767430458E+01  0.961445808629E-01  0.821669371494E-02
  0.119263946146E+03  0.150000000000E+01  0.191066750810E+01  0.960882119820E-01  0.820706176168E-02
  0.119531745622E+03  0.150000000000E+01  0.191277424165E+01  0.960152390118E-01  0.819460099776E-02
  0.119776854463E+03  0.150000000000E+01  0.191356329487E+01  0.959692875315E-01  0.818675924382E-02
  0.120019742673E+03  0.150000000000E+01  0.191535663720E+01  0.959143633708E-01  0.817739120074E-02
  0.120263639443E+03  0.150000000000E+01  0.191889389058E+01  0.958380600615E-01  0.816438556121E-02
  0.120530183584E+03  0.150000000000E+01  0.192242409169E+01  0.957892540874E-01  0.815607217655E-02
  0.120775725558E+03  0.150000000000E+01  0.192446066064E+01  0.957713786493E-01  0.815302841634E-02
  0.121016121750E+03  0.150000000000E+01  0.192557102805E+01  0.957621442628E-01  0.815145624338E-02
  0.121278629289E+03  0.150000000000E+01  0.192575472972E+01  0.958195911079E-01  0.816123914674E-02
  0.121556836736E+03  0.150000000000E+01  0.192462998484E+01  0.958036968731E-01  0.815853185294E-02
  0.121830571119E+03  0.150000000000E+01  0.192288126246E+01  0.956709642489E-01  0.813594080028E-02
  0.122112912256E+03  0.150000000000E+01  0.192118688208E+01  0.955285994289E-01  0.811174516342E-02
  0.122384597177E+03  0.150000000000E+01  0.192035843033E+01  0.954357703486E-01  0.809598778847E-02
  0.122656282099E+03  0.150000000000E+01  0.192085143987E+01  0.953981033133E-01  0.808959832514E-02
  0.122952579749E+03  0.150000000000E+01  0.192309365037E+01  0.954015016078E-01  0.809017467469E-02
  0.123198909378E+03  0.150000000000E+01  0.192546434666E+01  0.953925199417E-01  0.808865143184E-02
  0.123442918296E+03  0.150000000000E+01  0.192759165351E+01  0.953144057421E-01  0.807540972620E-02
  0.123713223187E+03  0.150000000000E+01  0.192850353892E+01  0.952439200161E-01  0.806347048892E-02
  0.123983384671E+03  0.150000000000E+01  0.192837048968E+01  0.952387718871E-01  0.806259881828E-02
  0.124247754014E+03  0.150000000000E+01  0.192788276604E+01  0.952145850243E-01  0.805850417897E-02
  0.124511799762E+03  0.150000000000E+01  0.192684020084E+01  0.952375436993E-01  0.806239087100E-02
  0.124804570579E+03  0.150000000000E+01  0.192614833926E+01  0.952734911592E-01  0.806847832682E-02
  0.125086850210E+03  0.150000000000E+01  0.192576198949E+01  0.953128124574E-01  0.807513974982E-02
  0.125348782266E+03  0.150000000000E+01  0.192521672475E+01  0.952592228728E-01  0.806606181541E-02
  0.125603547865E+03  0.150000000000E+01  0.192556798869E+01  0.951142591842E-01  0.804153093348E-02
  0.125822079733E+03  0.150000000000E+01  0.192581722776E+01  0.949679197560E-01  0.801680514026E-02
  0.126031872041E+03  0.150000000000E+01  0.192585398363E+01  0.948704913008E-01  0.800036455081E-02
  0.126259594149E+03  0.150000000000E+01  0.192533723992E+01  0.947926573800E-01  0.798724257171E-02
  0.126512105660E+03  0.150000000000E+01  0.192337424450E+01  0.947051824838E-01  0.797250807937E-02
  0.126772267223E+03  0.150000000000E+01  0.192137673620E+01  0.946095258805E-01  0.795641101097E-02
  0.127021536068E+03  0.150000000000E+01  0.192020387109E+01  0.945779569617E-01  0.795110217159E-02
  0.127285203038E+03  0.150000000000E+01  0.191938121919E+01  0.945853134604E-01  0.795233913103E-02
  0.127528662006E+03  0.150000000000E+01  0.191908505796E+01  0.945580090478E-01  0.794774851118E-02
  0.127739105288E+03  0.150000000000E+01  0.191892733672E+01  0.945113896063E-01  0.793991356917E-02
  0.127951138042E+03  0.150000000000E+01  0.191852148147E+01  0.944751627819E-01  0.793382789570E-02
  0.128186252649E+03  0.150000000000E+01  0.191727159960E+01  0.944603968635E-01  0.793134806721E-02
  0.128446186027E+03  0.150000000000E+01  0.191475306029E+01  0.945074087446E-01  0.793924471788E-02
  0.128706136973E+03  0.150000000000E+01  0.191287575098E+01  0.945866020807E-01  0.795255581615E-02
  0.128945183215E+03  0.150000000000E+01  0.191223298646E+01  0.946200615067E-01  0.795818314624E-02
  0.129182073660E+03  0.150000000000E+01  0.191223541070E+01  0.946317031590E-01  0.796014154914E-02
  0.129404742120E+03  0.150000000000E+01  0.191244242235E+01  0.946529233351E-01  0.796371190744E-02
  0.129639127984E+03  0.150000000000E+01  0.191328358796E+01  0.947050860389E-01  0.797249184146E-02
  0.129842012698E+03  0.150000000000E+01  0.191546675564E+01  0.947426994581E-01  0.797882586720E-02
  0.130036648279E+03  0.150000000000E+01  0.191831284077E+01  0.947673740801E-01  0.798298239114E-02
  0.130249622396E+03  0.150000000000E+01  0.192080328636E+01  0.947923182720E-01  0.798718542523E-02
  0.130485784173E+03  0.150000000000E+01  0.192271806562E+01  0.948236751637E-01  0.799247055249E-02
  0.130747657908E+03  0.150000000000E+01  0.192356273408E+01  0.949098714390E-01  0.800700773028E-02
  0.131015911734E+03  0.150000000000E+01  0.192426050378E+01  0.950335578598E-01  0.802789077289E-02
  0.131284165560E+03  0.150000000000E+01  0.192483031510E+01  0.951241810546E-01  0.804320873005E-02
  0.131529105576E+03  0.150000000000E+01  0.192480721814E+01  0.952132145465E-01  0.805827219935E-02
  0.131754205037E+03  0.150000000000E+01  0.192331357996E+01  0.953120873099E-01  0.807501687765E-02
  0.131938476554E+03  0.150000000000E+01  0.192134083632E+01  0.953965701201E-01  0.808933830283E-02
  0.132127956938E+03  0.150000000000E+01  0.191963183962E+01  0.954646318850E-01  0.810088528083E-02
  0.132308331301E+03  0.150000000000E+01  0.191824732996E+01  0.954929446177E-01  0.810569108600E-02
  0.132498912732E+03  0.150000000000E+01  0.191734677479E+01  0.955117167081E-01  0.810887824759E-02
  0.132709553140E+03  0.150000000000E+01  0.191708787695E+01  0.955105017784E-01  0.810867195552E-02
  0.132943122226E+03  0.150000000000E+01  0.191670706928E+01  0.954662213905E-01  0.810115504584E-02
  0.133201772013E+03  0.150000000000E+01  0.191626875964E+01  0.953701247109E-01  0.808485394433E-02
  0.133478201127E+03  0.150000000000E+01  0.191688462595E+01  0.952467558553E-01  0.806395066752E-02
  0.133782978592E+03  0.150000000000E+01  0.191840446388E+01  0.951090450131E-01  0.804064928294E-02
  0.134111176891E+03  0.150000000000E+01  0.192225057560E+01  0.950166528681E-01  0.802503495311E-02
  0.134405656320E+03  0.150000000000E+01  0.192515689694E+01  0.949544866568E-01  0.801453736555E-02
  0.134726087420E+03  0.150000000000E+01  0.192756703236E+01  0.948894666068E-01  0.800356522038E-02
  0.134987205734E+03  0.150000000000E+01  0.192985068593E+01  0.949256827953E-01  0.800967578147E-02
  0.135233410882E+03  0.150000000000E+01  0.193162444199E+01  0.950139392553E-01  0.802457658028E-02
  0.135503007040E+03  0.150000000000E+01  0.193329438160E+01  0.950777106977E-01  0.803535206357E-02
  0.135776334650E+03  0.150000000000E+01  0.193506538341E+01  0.950593368884E-01  0.803224669303E-02
  0.136035719350E+03  0.150000000000E+01  0.193537585374E+01  0.949850661613E-01  0.801970026103E-02
  0.136293880975E+03  0.150000000000E+01  0.193483541340E+01  0.949143106632E-01  0.800775677214E-02
  0.136572568463E+03  0.150000000000E+01  0.193334355031E+01  0.948943743681E-01  0.800439314375E-02
  0.136808828409E+03  0.150000000000E+01  0.193264798000E+01  0.948769591306E-01  0.800145544343E-02
  0.137049216801E+03  0.150000000000E+01  0.193329645334E+01  0.948532095993E-01  0.799745010782E-02
  0.137265623595E+03  0.150000000000E+01  0.193493790871E+01  0.948580735271E-01  0.799827032290E-02
  0.137486055568E+03  0.150000000000E+01  0.193735191381E+01  0.948936315732E-01  0.800426783391E-02
  0.137722577433E+03  0.150000000000E+01  0.193960517558E+01  0.949406367403E-01  0.801219955969E-02
  0.137955788597E+03  0.150000000000E+01  0.194082797280E+01  0.949556164353E-01  0.801472808232E-02
  0.138198142055E+03  0.150000000000E+01  0.194160317858E+01  0.949429121302E-01  0.801258361223E-02
  0.138459306033E+03  0.150000000000E+01  0.194193232010E+01  0.949533244867E-01  0.801434118318E-02
  0.138729271387E+03  0.150000000000E+01  0.194181582319E+01  0.949343436008E-01  0.801113741769E-02
  0.139017106202E+03  0.150000000000E+01  0.194239153889E+01  0.948686788812E-01  0.800005887348E-02
  0.139326154443E+03  0.150000000000E+01  0.194408781356E+01  0.948102327577E-01  0.799020465384E-02
  0.139621262446E+03  0.150000000000E+01  0.194633712933E+01  0.948347618580E-01  0.799433960592E-02
  0.139876824810E+03  0.150000000000E+01  0.194888253065E+01  0.948880959693E-01  0.800333400594E-02
  0.140135186927E+03  0.150000000000E+01  0.195081828633E+01  0.949081415916E-01  0.800671585811E-02
  0.140399188876E+03  0.150000000000E+01  0.195138883613E+01  0.949556862033E-01  0.801473985985E-02
  0.140629370519E+03  0.150000000000E+01  0.195045517311E+01  0.950586468885E-01  0.803213008735E-02
  0.140864076815E+03  0.150000000000E+01  0.194824330700E+01  0.951777600729E-01  0.805227201111E-02
  0.141120810047E+03  0.150000000000E+01  0.194441105758E+01  0.952249601471E-01  0.806026047556E-02
  0.141365764399E+03  0.150000000000E+01  0.194138460244E+01  0.952630733711E-01  0.806671390944E-02
  0.141602362124E+03  0.150000000000E+01  0.194169665663E+01  0.952707352930E-01  0.806801155847E-02
  0.141842864368E+03  0.150000000000E+01  0.194316553258E+01  0.952454617816E-01  0.806373154666E-02
  0.142084879217E+03  0.150000000000E+01  0.194493354358E+01  0.952254478330E-01  0.806034303554E-02
  0.142266844952E+03  0.150000000000E+01  0.194599446256E+01  0.952078502699E-01  0.805736422490E-02
  0.142465918605E+03  0.150000000000E+01  0.194587877026E+01  0.951713702321E-01  0.805119085499E-02
  0.142686662809E+03  0.150000000000E+01  0.194535869312E+01  0.951030047731E-01  0.803962801499E-02
  0.142916281464E+03  0.150000000000E+01  0.194398543308E+01  0.950526584410E-01  0.803111811262E-02
  0.143152295940E+03  0.150000000000E+01  0.194074582841E+01  0.950594891236E-01  0.803227241994E-02
  0.143406036620E+03  0.150000000000E+01  0.193704915447E+01  0.950800027925E-01  0.803573949424E-02
  0.143635438208E+03  0.150000000000E+01  0.193587946644E+01  0.950504130954E-01  0.803073869298E-02
  0.143861116090E+03  0.150000000000E+01  0.193554736728E+01  0.950041521244E-01  0.802292348523E-02
  0.144096049193E+03  0.150000000000E+01  0.193583921168E+01  0.949733720240E-01  0.801772568321E-02
  0.144350261036E+03  0.150000000000E+01  0.193554608482E+01  0.949411159152E-01  0.801228043665E-02
  0.144584576644E+03  0.150000000000E+01  0.193501447326E+01  0.949242368061E-01  0.800943176286E-02
  0.144816879919E+03  0.150000000000E+01  0.193380116612E+01  0.949611974949E-01  0.801567024860E-02
  0.145049183194E+03  0.150000000000E+01  0.193086456282E+01  0.949690554087E-01  0.801699687575E-02
  0.145303954391E+03  0.150000000000E+01  0.192813837962E+01  0.949669979734E-01  0.801664951474E-02
  0.145544733940E+03  0.150000000000E+01  0.192608415959E+01  0.950035866669E-01  0.802282798184E-02
  0.145773082316E+03  0.150000000000E+01  0.192400830467E+01  0.950258314635E-01  0.802658546251E-02
  0.146019410221E+03  0.150000000000E+01  0.192145538970E+01  0.950345505038E-01  0.802805847952E-02
  0.146270809275E+03  0.150000000000E+01  0.191898109844E+01  0.950382912657E-01  0.802869049485E-02
  0.146500270776E+03  0.150000000000E+01  0.191588675151E+01  0.950577095689E-01  0.803197168753E-02
  0.146712387837E+03  0.150000000000E+01  0.191449317656E+01  0.950742539112E-01  0.803476778380E-02
  0.146931836047E+03  0.150000000000E+01  0.191310624472E+01  0.950834921296E-01  0.803632931162E-02
  0.147171382155E+03  0.150000000000E+01  0.191395967866E+01  0.951377089989E-01  0.804549659873E-02
  0.147415317211E+03  0.150000000000E+01  0.191610591897E+01  0.952710454843E-01  0.806806409570E-02
  0.147680126066E+03  0.150000000000E+01  0.191802102036E+01  0.953907654431E-01  0.808835389494E-02
  0.147952055890E+03  0.150000000000E+01  0.191888933304E+01  0.954071551907E-01  0.809113356585E-02
  0.148213230722E+03  0.150000000000E+01  0.192055348418E+01  0.954325036762E-01  0.809543356258E-02
  0.148477844314E+03  0.150000000000E+01  0.192349749316E+01  0.954631050415E-01  0.810062615481E-02
  0.148764251358E+03  0.150000000000E+01  0.192472741214E+01  0.954067028252E-01  0.809105683909E-02
  0.149002767147E+03  0.150000000000E+01  0.192527869218E+01  0.953463229084E-01  0.808081892636E-02
  0.149205032453E+03  0.150000000000E+01  0.192557834725E+01  0.953010800928E-01  0.807315188164E-02
  0.149413828417E+03  0.150000000000E+01  0.192523015703E+01  0.952574683476E-01  0.806576468976E-02
  0.149643312564E+03  0.150000000000E+01  0.192487959451E+01  0.952372740320E-01  0.806234521337E-02
  0.149888658885E+03  0.150000000000E+01  0.192515201885E+01  0.952287065611E-01  0.806089471404E-02
  0.150121218455E+03  0.150000000000E+01  0.192586370037E+01  0.952179029775E-01  0.805906581994E-02
  0.150343252059E+03  0.150000000000E+01  0.192683364735E+01  0.951716938126E-01  0.805124560281E-02
  0.150587375394E+03  0.150000000000E+01  0.192803487498E+01  0.951134989997E-01  0.804140239286E-02
  0.150858062819E+03  0.150000000000E+01  0.192906907062E+01  0.950733985225E-01  0.803462320588E-02
  0.151138643314E+03  0.150000000000E+01  0.193021801042E+01  0.950485107686E-01  0.803041724385E-02
  0.151355421397E+03  0.150000000000E+01  0.193122371460E+01  0.950005261188E-01  0.802231107808E-02
  0.151580864419E+03  0.150000000000E+01  0.193186182713E+01  0.948951496828E-01  0.800452394073E-02
  0.151830839984E+03  0.150000000000E+01  0.193240215884E+01  0.947632726255E-01  0.798229141217E-02
  0.152094074415E+03  0.150000000000E+01  0.193242543854E+01  0.946690384891E-01  0.796642386529E-02
  0.152368332747E+03  0.150000000000E+01  0.193225750454E+01  0.945988118740E-01  0.795460907376E-02
  0.152659069903E+03  0.150000000000E+01  0.193152614456E+01  0.945311849730E-01  0.794323993992E-02
  0.152917192274E+03  0.150000000000E+01  0.192883291876E+01  0.945543060735E-01  0.794712604182E-02
  0.153164447268E+03  0.150000000000E+01  0.192702718978E+01  0.945417842872E-01  0.794502131219E-02
  0.153436695280E+03  0.150000000000E+01  0.192537060962E+01  0.944841079994E-01  0.793533036839E-02
  0.153706903269E+03  0.150000000000E+01  0.192121085420E+01  0.945001452585E-01  0.793802440344E-02
  0.153994637000E+03  0.150000000000E+01  0.191780966320E+01  0.946455058599E-01  0.796246380398E-02
  0.154269903982E+03  0.150000000000E+01  0.191689137370E+01  0.947542439958E-01  0.798077044908E-02
  0.154543831771E+03  0.150000000000E+01  0.191557259905E+01  0.947885479237E-01  0.798655005999E-02
  0.154817276963E+03  0.150000000000E+01  0.191424879275E+01  0.947810331972E-01  0.798528378126E-02
  0.155089845772E+03  0.150000000000E+01  0.191297757774E+01  0.948208314652E-01  0.799199118200E-02
  0.155388279408E+03  0.150000000000E+01  0.191263898398E+01  0.949337861816E-01  0.801104334113E-02
  0.155654084688E+03  0.150000000000E+01  0.191048720254E+01  0.950262391510E-01  0.802665433528E-02
  0.155919677111E+03  0.150000000000E+01  0.190963857671E+01  0.950678399771E-01  0.803368373147E-02
  0.156163929752E+03  0.150000000000E+01  0.191072160436E+01  0.950651173095E-01  0.803322358139E-02
  0.156410339755E+03  0.150000000000E+01  0.191167219831E+01  0.950943698538E-01  0.803816815812E-02
  0.156674593572E+03  0.150000000000E+01  0.191151332160E+01  0.951333998617E-01  0.804476779489E-02
  0.156948274627E+03  0.150000000000E+01  0.190942931862E+01  0.951095920817E-01  0.804074178307E-02
  0.157198476891E+03  0.150000000000E+01  0.190710386250E+01  0.951335076806E-01  0.804478602989E-02
  0.157419838731E+03  0.150000000000E+01  0.190543007730E+01  0.951906406629E-01  0.805445161761E-02
  0.157597236147E+03  0.150000000000E+01  0.190495430472E+01  0.952390838322E-01  0.806265163484E-02
  0.157763902052E+03  0.150000000000E+01  0.190513450213E+01  0.952467988021E-01  0.806395793959E-02
  0.157947813699E+03  0.150000000000E+01  0.190560522481E+01  0.952400117528E-01  0.806280874548E-02
  0.158151733756E+03  0.150000000000E+01  0.190638083629E+01  0.952631471697E-01  0.806672640771E-02
  0.158377838741E+03  0.150000000000E+01  0.190816371498E+01  0.952757950580E-01  0.806886855461E-02
  0.158626354965E+03  0.150000000000E+01  0.191082516216E+01  0.952126374530E-01  0.805817451623E-02
  0.158900788626E+03  0.150000000000E+01  0.191160501480E+01  0.950867546941E-01  0.803688081622E-02
  0.159196937794E+03  0.150000000000E+01  0.191051863142E+01  0.949902775973E-01  0.802058030046E-02
  0.159500123180E+03  0.150000000000E+01  0.191027727318E+01  0.949213103129E-01  0.800893791246E-02
  0.159783098515E+03  0.150000000000E+01  0.191005825624E+01  0.949035766392E-01  0.800594565237E-02
  0.160057801487E+03  0.150000000000E+01  0.190804576355E+01  0.949420811212E-01  0.801244334901E-02
  0.160332504458E+03  0.150000000000E+01  0.190645265219E+01  0.949921642503E-01  0.802089890574E-02
  0.160587815847E+03  0.150000000000E+01  0.190427058169E+01  0.950885462570E-01  0.803718367047E-02
  0.160798864662E+03  0.150000000000E+01  0.190319607085E+01  0.951510552226E-01  0.804775405332E-02
  0.160984722679E+03  0.150000000000E+01  0.190327284094E+01  0.951641269536E-01  0.804996538564E-02
  0.161186124884E+03  0.150000000000E+01  0.190378354744E+01  0.951431779247E-01  0.804642160499E-02
  0.161409450883E+03  0.150000000000E+01  0.190461185582E+01  0.951111166352E-01  0.804099956231E-02
  0.161638262786E+03  0.150000000000E+01  0.190554611646E+01  0.950874241526E-01  0.803699398398E-02
  0.161859316553E+03  0.150000000000E+01  0.190649148921E+01  0.950720918353E-01  0.803440235195E-02
  0.162104426333E+03  0.150000000000E+01  0.190683539079E+01  0.950381088700E-01  0.802865967786E-02
  0.162332472344E+03  0.150000000000E+01  0.190638491061E+01  0.949965494223E-01  0.802163946857E-02
  0.162538581207E+03  0.150000000000E+01  0.190492740053E+01  0.949525498417E-01  0.801421041906E-02
  0.162764626892E+03  0.150000000000E+01  0.190266319990E+01  0.949607839228E-01  0.801560042954E-02
  0.163001352065E+03  0.150000000000E+01  0.190059676709E+01  0.950225644476E-01  0.802603355929E-02
  0.163195803957E+03  0.150000000000E+01  0.189978733194E+01  0.951016793170E-01  0.803940391903E-02
  0.163382414542E+03  0.150000000000E+01  0.190001223530E+01  0.951429468057E-01  0.804638251277E-02
  0.163587436304E+03  0.150000000000E+01  0.190126911176E+01  0.951586412078E-01  0.804903733023E-02
  0.163814781993E+03  0.150000000000E+01  0.190334731644E+01  0.951132647694E-01  0.804136278675E-02
  0.164066882109E+03  0.150000000000E+01  0.190513636969E+01  0.950470887354E-01  0.803017695740E-02
  0.164327355501E+03  0.150000000000E+01  0.190585106303E+01  0.949582894306E-01  0.801517931696E-02
  0.164594590656E+03  0.150000000000E+01  0.190616547730E+01  0.948340845239E-01  0.799422541110E-02
  0.164832545067E+03  0.150000000000E+01  0.190671308845E+01  0.947636562571E-01  0.798235604198E-02
  0.165059165165E+03  0.150000000000E+01  0.190919513358E+01  0.947285665845E-01  0.797644562413E-02
  0.165285785263E+03  0.150000000000E+01  0.191302501687E+01  0.947393853336E-01  0.797826767412E-02
  0.165479532945E+03  0.150000000000E+01  0.191594338376E+01  0.947862666796E-01  0.798616564538E-02
  0.165658078790E+03  0.150000000000E+01  0.191788889084E+01  0.948152623181E-01  0.799105241640E-02
  0.165853514082E+03  0.150000000000E+01  0.191893421231E+01  0.948265545779E-01  0.799295595832E-02
  0.166070230991E+03  0.150000000000E+01  0.191883656468E+01  0.948017538791E-01  0.798877558983E-02
  0.166310546706E+03  0.150000000000E+01  0.191832254710E+01  0.947458365723E-01  0.797935426470E-02
  0.166577030690E+03  0.150000000000E+01  0.191775736844E+01  0.947015024226E-01  0.797188849876E-02
  0.166821053591E+03  0.150000000000E+01  0.191729332746E+01  0.946847616888E-01  0.796907030762E-02
  0.167081070230E+03  0.150000000000E+01  0.191758660709E+01  0.946133912228E-01  0.795706115439E-02
  0.167332587949E+03  0.150000000000E+01  0.191840223548E+01  0.945552764555E-01  0.794728916052E-02
  0.167575338920E+03  0.150000000000E+01  0.192015582897E+01  0.945531492039E-01  0.794693157723E-02
  0.167788773960E+03  0.150000000000E+01  0.192142439568E+01  0.945822238815E-01  0.795181962166E-02
  0.168025439580E+03  0.150000000000E+01  0.192276540973E+01  0.946540215126E-01  0.796389670090E-02
  0.168263578795E+03  0.150000000000E+01  0.192401230954E+01  0.947319779666E-01  0.797702013285E-02
  0.168495103143E+03  0.150000000000E+01  0.192494301005E+01  0.948105053272E-01  0.799025059591E-02
  0.168732488549E+03  0.150000000000E+01  0.192525052754E+01  0.948801508859E-01  0.800199380634E-02
  0.168960425569E+03  0.150000000000E+01  0.192562350468E+01  0.948882246712E-01  0.800335571666E-02
  0.169177151602E+03  0.150000000000E+01  0.192682573146E+01  0.948620252525E-01  0.799893674222E-02
  0.169417363500E+03  0.150000000000E+01  0.192921322302E+01  0.948272977252E-01  0.799308123899E-02
  0.169668538564E+03  0.150000000000E+01  0.193226767351E+01  0.948591680639E-01  0.799845490290E-02
  0.169882194481E+03  0.150000000000E+01  0.193473828353E+01  0.949235424724E-01  0.800931459157E-02
  0.170090133101E+03  0.150000000000E+01  0.193618011153E+01  0.949708960143E-01  0.801730763533E-02
  0.170320706794E+03  0.150000000000E+01  0.193670746621E+01  0.949927814170E-01  0.802100313007E-02
  0.170573783698E+03  0.150000000000E+01  0.193708292231E+01  0.949954897042E-01  0.802146050146E-02
  0.170823551217E+03  0.150000000000E+01  0.193934240928E+01  0.950002396421E-01  0.802226269517E-02
  0.171055147664E+03  0.150000000000E+01  0.194257413170E+01  0.949960438092E-01  0.802155407946E-02
  0.171297401124E+03  0.150000000000E+01  0.194482820061E+01  0.950399540417E-01  0.802897143488E-02
  0.171556153792E+03  0.150000000000E+01  0.194652585689E+01  0.951063922067E-01  0.804020074540E-02
  0.171804369591E+03  0.150000000000E+01  0.194835206703E+01  0.951043229435E-01  0.803985088226E-02
  0.172021637192E+03  0.150000000000E+01  0.194976351125E+01  0.950862516744E-01  0.803679578444E-02
  0.172262555371E+03  0.150000000000E+01  0.194955366496E+01  0.950412395391E-01  0.802918863389E-02
  0.172529698316E+03  0.150000000000E+01  0.194767925814E+01  0.950082696575E-01  0.802361893628E-02
  0.172808443069E+03  0.150000000000E+01  0.194668900795E+01  0.950384976092E-01  0.802872535806E-02
  0.173050148904E+03  0.150000000000E+01  0.194721665917E+01  0.950877878384E-01  0.803705546311E-02
  0.173301390195E+03  0.150000000000E+01  0.194856655906E+01  0.951090342425E-01  0.804064746181E-02
  0.173569443749E+03  0.150000000000E+01  0.194850418509E+01  0.951221436180E-01  0.804286418353E-02
  0.173820300781E+03  0.150000000000E+01  0.194608546040E+01  0.950906617880E-01  0.803754129713E-02
  0.174038497209E+03  0.150000000000E+01  0.194539814495E+01  0.950498505443E-01  0.803064363422E-02
  0.174251524474E+03  0.150000000000E+01  0.194671998231E+01  0.950111277612E-01  0.802410168751E-02
  0.174464551738E+03  0.150000000000E+01  0.194880575513E+01  0.949587421010E-01  0.801525573458E-02
  0.174698412791E+03  0.150000000000E+01  0.195039881601E+01  0.948837257699E-01  0.800259681420E-02
  0.174920403253E+03  0.150000000000E+01  0.195069304017E+01  0.948977813363E-01  0.800496791337E-02
  0.175145926881E+03  0.150000000000E+01  0.194933109896E+01  0.949507590893E-01  0.801390813479E-02
  0.175338443745E+03  0.150000000000E+01  0.194808377547E+01  0.949952321620E-01  0.802141700757E-02
  0.175540769941E+03  0.150000000000E+01  0.194607130058E+01  0.949953085859E-01  0.802142991407E-02
  0.175764684342E+03  0.150000000000E+01  0.194314232874E+01  0.949621902876E-01  0.801583785264E-02
  0.176012982288E+03  0.150000000000E+01  0.194136013982E+01  0.949192716707E-01  0.800859389733E-02
  0.176276318971E+03  0.150000000000E+01  0.194149313754E+01  0.949423496304E-01  0.801248866963E-02
  0.176515142658E+03  0.150000000000E+01  0.194101138666E+01  0.950446400365E-01  0.802976319970E-02
  0.176720684359E+03  0.150000000000E+01  0.194007424597E+01  0.951557362280E-01  0.804854589963E-02
  0.176943887477E+03  0.150000000000E+01  0.193974349589E+01  0.952384817617E-01  0.806254969624E-02
  0.177186963855E+03  0.150000000000E+01  0.194010994700E+01  0.952837494790E-01  0.807021592425E-02
  0.177441655105E+03  0.150000000000E+01  0.194099818045E+01  0.953272502583E-01  0.807758634828E-02
  0.177696229419E+03  0.150000000000E+01  0.194241613580E+01  0.953581119917E-01  0.808281735344E-02
  0.177947609194E+03  0.150000000000E+01  0.194416976896E+01  0.953756603273E-01  0.808579251810E-02
  0.178210023317E+03  0.150000000000E+01  0.194531971672E+01  0.953953857104E-01  0.808913743542E-02
  0.178446274900E+03  0.150000000000E+01  0.194441204801E+01  0.954496899034E-01  0.809834960237E-02
  0.178672935781E+03  0.150000000000E+01  0.194248505684E+01  0.955583666935E-01  0.811680128455E-02
  0.178898917490E+03  0.150000000000E+01  0.194020817938E+01  0.956594548806E-01  0.813398338494E-02
  0.179104243020E+03  0.150000000000E+01  0.193802653148E+01  0.957153940463E-01  0.814349925106E-02
  0.179319082278E+03  0.150000000000E+01  0.193572037930E+01  0.957840750977E-01  0.815519025985E-02
  0.179553900291E+03  0.150000000000E+01  0.193363393335E+01  0.958786587598E-01  0.817130418274E-02
  0.179803564292E+03  0.150000000000E+01  0.193309778720E+01  0.959486789283E-01  0.818324354497E-02
  0.180078906177E+03  0.150000000000E+01  0.193244542133E+01  0.959689979277E-01  0.818670983400E-02
  0.180376177919E+03  0.150000000000E+01  0.193179340336E+01  0.959397756424E-01  0.818172493361E-02
  0.180656393155E+03  0.150000000000E+01  0.192942404891E+01  0.958601152800E-01  0.816814373467E-02
  0.180891005206E+03  0.150000000000E+01  0.192838915153E+01  0.957367617173E-01  0.814713559477E-02
  0.181119921581E+03  0.150000000000E+01  0.193006007710E+01  0.956281624861E-01  0.812866263153E-02
  0.181351033592E+03  0.150000000000E+01  0.193284924851E+01  0.955335878681E-01  0.811259236530E-02
  0.181578695663E+03  0.150000000000E+01  0.193538921252E+01  0.954613600264E-01  0.810033000719E-02
  0.181829705754E+03  0.150000000000E+01  0.193813661026E+01  0.954077611483E-01  0.809123634430E-02
  0.182076517762E+03  0.150000000000E+01  0.194029432167E+01  0.954179396733E-01  0.809296285467E-02
  0.182292310493E+03  0.150000000000E+01  0.194175402255E+01  0.954293059622E-01  0.809489105460E-02
  0.182529455864E+03  0.150000000000E+01  0.194375086336E+01  0.954187811430E-01  0.809310559539E-02
  0.182792423226E+03  0.150000000000E+01  0.194634970249E+01  0.954367305808E-01  0.809615070573E-02
  0.183057032909E+03  0.150000000000E+01  0.194915205132E+01  0.954275188973E-01  0.809458787813E-02
  0.183289665281E+03  0.150000000000E+01  0.195132860140E+01  0.953591573984E-01  0.808299457753E-02
  0.183540318690E+03  0.150000000000E+01  0.195161172765E+01  0.952895945159E-01  0.807120606489E-02
  0.183818238933E+03  0.150000000000E+01  0.195009907405E+01  0.951733344491E-01  0.805152319126E-02
  0.184123732056E+03  0.150000000000E+01  0.194645027829E+01  0.950407232514E-01  0.802910140102E-02
  0.184412268224E+03  0.150000000000E+01  0.194302234448E+01  0.950087855896E-01  0.802370607929E-02
