  0.25554999999997924        10.508365874992403     
  0.26170439499998122        10.513459449964557     
  0.26852899689998089        10.519043917665980     
  0.27609678303848284        10.525159462336900     
  0.28448867626496188        10.531847978738581     
  0.29379440992650091        10.539152812713963     
  0.30411348701077195        10.547118388653036     
  0.31555624369347179        10.555789720720670     
  0.32824502865353455        10.565211794691729     
  0.34231551075612393        10.575428806204782     
  0.35791812907457105        10.586483242365436     
  0.37521970074293104        10.598414796221894     
  0.39440520381652716        10.611259107766227     
  0.41567975418732150        10.625046330932033     
  0.43927079767351385        10.639799533704059     
  0.46543054070099926        10.655532947955598     
  0.49443864554268319        10.672250096806243     
  0.52660521890705114        10.689941839799245     
  0.56227412580051728        10.708584389323507     
  0.60182666406177432        10.728137364474769     
  0.64568563881831753        10.748541959608680     
  0.69431988038615544        10.769719312583094     
  0.74824925386921115        10.791569160311946     
  0.80805021396586518        10.813968864949038     
  0.87436196431196977        10.836772881229624     
  0.94789328714523158        10.859812713141421     
   1.0294301162336299        10.882897375897839     
   1.1198439339470150        10.905814337853418     
   1.2201010821509140        10.928330868336630     
   1.3312730863589226        10.950195664192167     
   1.4545481033986705        10.971140573643877     
   1.5912436148422162        10.990882184677643     
   1.7428205017522189        11.009122999666280     
   1.9108986510428252        11.025551880144143     
   2.0972742601061563        11.017905346003714     
   2.3039390244858189        10.990431843775202     
   2.5331014134817340        10.964145099943083     
   2.7872102608604532        10.938202277459439     
   3.0689809225593407        10.912214606271540     
   3.3814242806755912        10.885940842342116     
   3.7278789034144433        10.859203414726773     
   4.0886337169605254        10.833460681852188     
   4.4493885305066412        10.809429893573265     
   4.8101433440527570        10.786796282725435     
   5.1708981575988728        10.765322344955239     
   5.5316529711449887        10.744822909763688     
   5.8924077846911045        10.725150060611099     
   6.2531625982372203        10.706183521957881     
   6.6139174117833361        10.687824276355411     
   6.9746722253294520        10.669990170644027     
   7.3354270388755678        10.652612762063125     
   7.6961818524216836        10.635634929543492     
   8.0569366659677986        10.619008966250073     
   8.4176914795139144        10.602695004598480     
   8.7784462930600302        10.586659702523480     
   9.1392011066061460        10.570875148197798     
   9.4999559201522619        10.555317941520553     
   9.8607107336983777        10.539968419698576     
   10.221465547244494        10.524810017778707     
   10.582220360790609        10.509828761039206     
   10.942975174336725        10.495012863965943     
   11.303729987882841        10.480352391252264     
   11.664484801428957        10.465838948292843     
   12.025239614975073        10.451465400981254     
   12.385994428521188        10.437225646700524     
   12.746749242067304        10.423114456428978     
   13.107504055613420        10.409127390004469     
   13.468258869159536        10.395260768192667     
   13.829013682705652        10.381511678724459     
   14.189768496251768        10.367878000287764     
   14.550523309797883        10.354358435255437     
   14.911278123343999        10.340952536230567     
   15.272032936890115        10.327660700894855     
   15.632787750436231        10.314484113802731     
   15.993542563982347        10.301424641351144     
   16.354297377528287        10.288484718363467     
   16.715052191074225        10.275667263233373     
   17.075807004620163        10.262975610520556     
   17.436561818166101        10.250413402363170     
   17.797316631712039        10.237984395116898     
   18.158071445257978        10.225692210190118     
   18.518826258803916        10.213540117205966     
   18.879581072349854        10.201530923389605     
   19.240335885895792        10.189666972575354     
   19.601090699441730        10.177950211398951     
   19.961845512987669        10.166382287302278     
   20.322600326533607        10.154964648502588     
   20.683355140079545        10.143698600430499     
   21.044109953625483        10.132585272788051     
   21.404864767171421        10.121625475651163     
   21.765619580717360        10.110819450483211     
   22.126374394263298        10.100166547685635     
   22.487129207809236        10.089664893550065     
   22.847884021355174        10.079311133096901     
   23.208638834901112        10.069100322962656     
   23.569393648447051        10.059026002172979     
   23.930148461992989        10.049080428066157     
   24.290903275538927        10.039254953895012     
   24.651658089084865        10.029540524802819     
   25.012412902630803        10.019928248203785     
   25.373167716176741        10.010409946047751     
   25.733922529722680        10.000978545824776     
   26.094677343268618        9.9916281979381498     
   26.455432156814556        9.9823541543126897     
   26.816186970360494        9.9731525102605776     
   27.176941783906432        9.9640198866084386     
   27.537696597452371        9.9549531461833425     
   27.898451410998309        9.9459492370831768     
   28.259206224544247        9.9370052674548877     
   28.619961038090185        9.9281188690204356     
   28.980715851636123        9.9192887494854194     
   29.341470665182062        9.9105152896191075     
   29.702225478728000        9.9018011197722000     
   30.062980292273938        9.8931516434337219     
   30.423735105819876        9.8845753976996562     
   30.784489919365814        9.8760840862278165     
   31.145244732911753        9.8676922435933303     
   31.505999546457691        9.8594166357421376     
   31.866754360003629        9.8512755208239469     
   32.227509173549791        9.8432878476207168     
   32.588263987096084        9.8354724452608799     
   32.949018800642378        9.8278472921380118     
   33.309773614188671        9.8204289629838684     
   33.670528427734965        9.8132322927897384     
   34.031283241281258        9.8062702756524338     
   34.392038054827552        9.7995542186748459     
   34.752792868373845        9.7930940998308991     
   35.113547681920139        9.7868990918142824     
   35.474302495466432        9.7809781924298491     
   35.835057309012726        9.7753407955915783     
   36.195812122559019        9.7699971354329573     
   36.556566936105312        9.7649585033655075     
   36.917321749651606        9.7602371055327168     
   37.278076563197899        9.7558455423714943     
   37.632330336780043        9.7518659614394441     
   37.975026705981477        9.7483402948778775     
   38.317723075182911        9.7451422966352226     
   38.660419444384345        9.7422798915246087     
   39.003115813585779        9.7397599544464484     
   39.345812182787213        9.7375880761874853     
   39.688508551988647        9.7357686514002424     
   40.031204921190081        9.7343061671715159     
   40.373901290391515        9.7332079594958536     
   40.716597659592949        9.7324872936578348     
   41.059294028794383        9.7321651300272567     
   41.401990397995817        9.7322699001884345     
   41.744686767197251        9.7328360471369617     
   42.087383136398685        9.7339031772970319     
   42.430079505600119        9.7355181537385782     
   42.772775874801553        9.7377402149090688     
   43.115472244002987        9.7406443150722897     
   43.458168613204421        9.7443195977377268     
   43.800864982405855        9.7488665794546865     
   44.143561351607289        9.7543911988807128     
   44.486257720808723        9.7609874464015789     
   44.828954090010157        9.7687190667357360     
