   4.9999999999999975E-003   10.235150102751490     
   9.9999999999999672E-003   10.236614445669288     
   1.4999999999999937E-002   10.238066989588583     
   2.0000000000000059E-002   10.239509589988721     
   2.5000000000000203E-002   10.240943322836285     
   3.0000000000000346E-002   10.242368917646175     
   3.5000000000000489E-002   10.243786912921101     
   4.0000000000000632E-002   10.245197728352455     
   4.5000000000000775E-002   10.246601703678168     
   5.0000000000000919E-002   10.247999121741493     
   5.5000000000001062E-002   10.249390223169664     
   6.0000000000001205E-002   10.250775216227471     
   6.5000000000001001E-002   10.252154283714479     
   7.0000000000000451E-002   10.253527587957597     
   7.4999999999999900E-002   10.254895274527382     
   7.9999999999999349E-002   10.256257475069633     
   8.4999999999998799E-002   10.257614309506041     
   8.9999999999998248E-002   10.258965887774490     
   9.4999999999997697E-002   10.260312311225748     
   9.9999999999997147E-002   10.261653673759406     
  0.10499999999999660        10.262990062758545     
  0.10999999999999605        10.264321559867057     
  0.11499999999999549        10.265648241641699     
  0.11999999999999494        10.266970180104378     
  0.12499999999999439        10.268287443212978     
  0.12999999999999384        10.269600095265885     
  0.13499999999999329        10.270908197251707     
  0.13999999999999274        10.272211807153274     
  0.14499999999999219        10.273510980213558     
  0.14999999999999164        10.274805769169394     
  0.15499999999999109        10.276096224457611     
  0.15999999999999054        10.277382394398099     
  0.16499999999998999        10.278664325356582     
  0.16999999999998944        10.279942061890146     
  0.17499999999998889        10.281215646877882     
  0.17999999999998834        10.282485121638301     
  0.18499999999998779        10.283750526035384     
  0.18999999999998723        10.285011898574618     
  0.19499999999998668        10.286269276490204     
  0.19999999999998613        10.287522695824405     
  0.20499999999998558        10.288772191500000     
  0.20999999999998503        10.290017797386632     
  0.21499999999998448        10.291259546361385     
  0.21999999999998393        10.292497470364742     
  0.22499999999998338        10.293731600452046     
  0.22999999999998283        10.294961966840866     
  0.23499999999998228        10.296188598954751     
  0.23999999999998173        10.297411525463993     
  0.24499999999998118        10.298630774323183     
  0.24999999999998063        10.299846372806192     
  0.25499999999998008        10.301058347538703     
  0.25999999999997953        10.302266724528568     
  0.26499999999997897        10.303471529194125     
  0.26999999999997842        10.304672786390627     
  0.27499999999997787        10.305870520434972     
  0.27999999999997732        10.307064755128945     
  0.28499999999997677        10.308255513780926     
  0.28999999999997622        10.309442819226351     
  0.29499999999997567        10.310626693846931     
  0.29999999999997512        10.311807159588797     
  0.30499999999997457        10.312984237979352     
  0.30999999999997402        10.314157950143546     
  0.31499999999997347        10.315328316819027     
  0.31999999999997292        10.316495358370423     
  0.32499999999997237        10.317659094802961     
  0.32999999999997182        10.318819545775359     
  0.33499999999997127        10.319976730611915     
  0.33999999999997071        10.321130668314204     
  0.34499999999997016        10.322281377571951     
  0.34999999999996961        10.323428876773463     
  0.35499999999996906        10.324573184015623     
  0.35999999999996851        10.325714317113244     
  0.36499999999996796        10.326852293608122     
  0.36999999999996741        10.327987130777503     
  0.37499999999996686        10.329118845642368     
  0.37999999999996631        10.330247454975151     
  0.38499999999996576        10.331372975307206     
  0.38999999999996521        10.332495422935940     
  0.39499999999996466        10.333614813931559     
  0.39999999999996411        10.334731164143614     
  0.40499999999996356        10.335844489207167     
  0.40999999999996301        10.336954804548910     
  0.41499999999996245        10.338062125392694     
  0.41999999999996190        10.339166466765150     
  0.42499999999996135        10.340267843500847     
  0.42999999999996080        10.341366270247404     
  0.43499999999996025        10.342461761470366     
  0.43999999999995970        10.343554331457769     
  0.44499999999995915        10.344643994324750     
  0.44999999999995860        10.345730764017667     
  0.45499999999995805        10.346814654318459     
  0.45999999999995750        10.347895678848497     
  0.46499999999995695        10.348973851072495     
  0.46999999999995640        10.350049184302165     
  0.47499999999995585        10.351121691699792     
  0.47999999999995530        10.352191386281797     
  0.48499999999995475        10.353258280921821     
  0.48999999999995419        10.354322388354289     
  0.49499999999995364        10.355383721177095     
  0.49999999999995309        10.356442291854908     
  0.50499999999995260        10.357498112721927     
  0.50999999999995205        10.358551195984674     
  0.51499999999995150        10.359601553724762     
  0.51999999999995095        10.360649197901463     
  0.52499999999995040        10.361694140354246     
  0.52999999999994984        10.362736392805209     
  0.53499999999994929        10.363775966861535     
  0.53999999999994874        10.364812874017689     
  0.54499999999994819        10.365847125657664     
  0.54999999999994764        10.366878733057192     
  0.55499999999994709        10.367907707385781     
  0.55999999999994654        10.368934059708824     
  0.56499999999994599        10.369957800989443     
  0.56999999999994544        10.370978942090531     
  0.57499999999994489        10.371997493776520     
  0.57999999999994434        10.373013466715232     
  0.58499999999994379        10.374026871479554     
  0.58999999999994324        10.375037718549272     
  0.59499999999994269        10.376046018312637     
  0.59999999999994214        10.377051781067966     
  0.60499999999994158        10.378055017025259     
  0.60999999999994103        10.379055736307606     
  0.61499999999994048        10.380053948952817     
  0.61999999999993993        10.381049664914764     
  0.62499999999993938        10.382042894064872     
  0.62999999999993883        10.383033646193285     
  0.63499999999993828        10.384021931010450     
  0.63999999999993773        10.385007758148257     
  0.64499999999993718        10.385991137161326     
  0.64999999999993663        10.386972077528199     
  0.65499999999993608        10.387950588652723     
  0.65999999999993553        10.388926679864946     
  0.66499999999993498        10.389900360422436     
  0.66999999999993443        10.390871639511362     
  0.67499999999993388        10.391840526247528     
  0.67999999999993332        10.392807029677543     
  0.68499999999993277        10.393771158779677     
  0.68999999999993222        10.394732922464991     
  0.69499999999993167        10.395692329578367     
  0.69999999999993112        10.396649388899354     
  0.70499999999993057        10.397604109143174     
  0.70999999999993002        10.398556498961574     
  0.71499999999992947        10.399506566943813     
  0.71999999999992892        10.400454321617513     
  0.72499999999992837        10.401399771449453     
  0.72999999999992782        10.402342924846463     
  0.73499999999992727        10.403283790156253     
  0.73999999999992672        10.404222375668176     
  0.74499999999992617        10.405158689614094     
  0.74999999999992562        10.406092740168960     
  0.75499999999992506        10.407024535451772     
  0.75999999999992451        10.407954083526207     
  0.76499999999992396        10.408881392401339     
  0.76999999999992341        10.409806470032416     
  0.77499999999992286        10.410729324321448     
  0.77999999999992231        10.411649963117942     
  0.78499999999992176        10.412568394219516     
  0.78999999999992121        10.413484625372663     
  0.79499999999992066        10.414398664273241     
  0.79999999999992011        10.415310518567191     
  0.80499999999991956        10.416220195851110     
  0.80999999999991901        10.417127703672820     
  0.81499999999991846        10.418033049532056     
  0.81999999999991791        10.418936240880928     
  0.82499999999991735        10.419837285124554     
  0.82999999999991680        10.420736189621541     
  0.83499999999991625        10.421632961684644     
  0.83999999999991570        10.422527608581142     
  0.84499999999991515        10.423420137533562     
  0.84999999999991460        10.424310555720028     
  0.85499999999991405        10.425198870274810     
  0.85999999999991350        10.426085088288772     
  0.86499999999991295        10.426969216809987     
  0.86999999999991240        10.427851262844138     
  0.87499999999991185        10.428731233354913     
  0.87999999999991130        10.429609135264576     
  0.88499999999991075        10.430484975454341     
  0.88999999999991020        10.431358760764901     
  0.89499999999990965        10.432230497996736     
  0.89999999999990909        10.433100193910724     
  0.90499999999990854        10.433967855228349     
  0.90999999999990799        10.434833488632309     
  0.91499999999990744        10.435697100766747     
  0.91999999999990689        10.436558698237793     
  0.92499999999990634        10.437418287613879     
  0.92999999999990579        10.438275875426131     
  0.93499999999990524        10.439131468168776     
  0.93999999999990469        10.439985072299510     
  0.94499999999990414        10.440836694239806     
  0.94999999999990359        10.441686340375410     
  0.95499999999990304        10.442534017056570     
  0.95999999999990249        10.443379730598428     
  0.96499999999990194        10.444223487281361     
  0.96999999999990139        10.445065293351348     
  0.97499999999990083        10.445905155020236     
  0.97999999999990028        10.446743078466149     
  0.98499999999989973        10.447579069833749     
  0.98999999999989918        10.448413135234574     
  0.99499999999989863        10.449245280747423     
  0.99999999999989808        10.450075512418529     
   1.0049999999999086        10.450903836261906     
   1.0099999999999192        10.451730258259737     
   1.0149999999999297        10.452554784362583     
   1.0199999999999403        10.453377420489684     
   1.0249999999999508        10.454198172529299     
   1.0299999999999614        10.455017046338837     
   1.0349999999999719        10.455834047745373     
   1.0399999999999825        10.456649182545714     
   1.0449999999999930        10.457462456506756     
   1.0500000000000036        10.458273875365737     
   1.0550000000000141        10.459083444830535     
   1.0600000000000247        10.459891170579835     
   1.0650000000000353        10.460697058263458     
   1.0700000000000458        10.461501113502646     
   1.0750000000000564        10.462303341890165     
   1.0800000000000669        10.463103748990767     
   1.0850000000000775        10.463902340341150     
   1.0900000000000880        10.464699121450485     
   1.0950000000000986        10.465494097800425     
   1.1000000000001091        10.466287274845483     
   1.1050000000001197        10.467078658013177     
   1.1100000000001302        10.467868252704298     
   1.1150000000001408        10.468656064293087     
   1.1200000000001513        10.469442098127519     
   1.1250000000001619        10.470226359529446     
   1.1300000000001724        10.471008853794880     
   1.1350000000001830        10.471789586194108     
   1.1400000000001935        10.472568561972057     
   1.1450000000002041        10.473345786348313     
   1.1500000000002146        10.474121264517443     
   1.1550000000002252        10.474895001649195     
   1.1600000000002357        10.475667002888605     
   1.1650000000002463        10.476437273356312     
   1.1700000000002568        10.477205818148613     
   1.2555500000004243        10.490082450724721     
   1.2617043950004208        10.490989738804593     
   1.2685289969004203        10.491992925318998     
   1.2760967830389223        10.493101814875947     
   1.2844886762653960        10.494327128901419     
   1.2937944099269347        10.495680578715572     
   1.3041134870112110        10.497174936491103     
   1.3155562436939112        10.498824105273275     
   1.3282450286539689        10.500643186915054     
   1.3423155107565476        10.502648546025346     
   1.3579181290749986        10.504857867427628     
   1.3752197007433642        10.507290203985521     
   1.3944052038169659        10.509966010935162     
   1.4156797541877706        10.512907162039889     
   1.4392707976739645        10.516136941957884     
   1.4654305407014452        10.519680008191242     
   1.4944386455431282        10.523562314852795     
   1.5266052189074961        10.527810989297427     
   1.5622741258009532        10.532454151416021     
   1.6018266640622081        10.537520664155080     
   1.6456856388187513        10.543039802647927     
   1.6943198803865804        10.549040828327938     
   1.7482492538696424        10.555552453642033     
   1.8080502139663075        10.562602182626604     
   1.8743619643124063        10.570215512816452     
   1.9478932871456653        10.578414984893270     
   2.0294301162340638        10.587219068335385     
   2.1198439339474651        10.596640874272440     
   2.2201010821513862        10.606686690925642     
   2.3312730863594013        10.617354342498981     
   2.4545481033991492        10.628631379153314     
   2.5912436148426949        10.640493113595097     
   2.7428205017526825        10.652900528444341     
   2.9108986510432815        10.665798087284607     
   3.0972742601066092        10.679111490064040     
   3.3039390244862719        10.692745418560060     
   3.5331014134821870        10.706581316758424     
   3.7872102608609062        10.720475238839880     
   4.0689809225598044        10.734255763512072     
   4.3814242806760451        10.747721901328894     
   4.7278789034149060        10.760640780860413     
   5.1120467043601616        10.772744656617451     
   5.5380324817820137        10.783726421263262     
   6.0103877601139271        10.793232483914487     
   6.5037672265187911        10.800523188869182     
   6.9971466929236552        10.805353771357494     
   7.4706689318651858        10.807908913550087     
   7.9331294301726007        10.808587221345750     
   8.3782356939087510        10.807656342216553     
   8.8108743523560680        10.805395241435702     
   9.2337170352193016        10.801947920253127     
   9.6413187854875861        10.797558772031252     
   10.042993506413390        10.789830263560358     
   10.444668227339195        10.762413416687320     
   10.846342948264999        10.737674947086665     
   11.248017669190803        10.714525814598199     
   11.643465867464169        10.692865977419231     
   12.025055031446623        10.672798455982292     
   12.406644195429077        10.653398508121445     
   12.788233359411532        10.634557108270659     
   13.169822523393986        10.616190903026700     
   13.551411687376440        10.598234624691560     
   13.933000851358894        10.580636552672894     
   14.314590015341349        10.563355642767876     
   14.696179179323803        10.546359616647706     
   15.077768343306257        10.529623601504397     
   15.459357507288711        10.513129059341903     
   15.840946671271166        10.496862827700811     
   16.222535835253620        10.480816162185324     
   16.604124999236074        10.464983754133165     
   16.985714163218528        10.449362768549239     
   17.367303327200982        10.433951962654351     
   17.739922508006707        10.419105847162687     
   18.102426601400374        10.404854564010622     
   18.464930694794042        10.390792344411905     
   18.827434788187709        10.376919124054858     
   19.189938881581377        10.363235106203017     
   19.552442974975044        10.349740984178043     
   19.914947068368711        10.336438048913939     
   20.277451161762379        10.323328108738966     
   20.639955255156046        10.310413192970904     
   21.002459348549714        10.297695037514597     
   21.364963441943381        10.285174399196864     
   21.727467535337048        10.272850338775593     
   22.089971628730716        10.260719670751797     
   22.452475722124383        10.248776716694284     
   22.814979815518051        10.237013368708759     
   23.177483908911718        10.225419389451330     
   23.539988002305385        10.213982872533036     
   23.902492095699053        10.202690810451983     
   24.264996189092720        10.191529733557081     
   24.627500282486388        10.180486381080627     
   24.990004375880055        10.169548334981313     
   25.352508469273722        10.158704506739758     
   25.715012562667390        10.147945360755401     
   26.077516656061057        10.137262854159149     
   26.440020749454725        10.126650227756151     
   26.802524842848392        10.116101759018145     
   27.165028936242059        10.105612485774701     
   27.527533029635727        10.095177992166848     
   27.890037123029394        10.084794463519685     
   28.252541216423062        10.074459066186481     
   28.615045309816729        10.064170446339761     
   28.977549403210396        10.053929262618466     
   29.340053496604064        10.043738864218792     
   29.702557589997731        10.033606067153833     
   30.065061683391399        10.023541702359456     
   30.427565776785066        10.013560578924897     
   30.790069870178733        10.003680762654168     
   31.152573963572401        9.9939223804542330     
   31.515078056966068        9.9843062614833276     
   31.877582150359736        9.9748526791105583     
   32.240086243753169        9.9655803825651770     
   32.602590337146481        9.9565059885133138     
   32.965094430539793        9.9476437160014139     
   33.327598523933105        9.9390054061545428     
   33.690102617326417        9.9306007171340056     
   34.052606710719729        9.9224374265538522     
   34.415110804113041        9.9145218839540448     
   34.777614897506353        9.9068596298023675     
   35.140118990899666        9.8994560751510381     
   35.502623084292978        9.8923171456508534     
   35.865127177686290        9.8854499039077961     
   36.227631271079602        9.8788631287975601     
   36.590135364472914        9.8725677340889852     
   36.952639457866226        9.8665769326845894     
   37.315143551259538        9.8609060709988547     
   37.677647644652851        9.8555721032245014     
   38.040151738046163        9.8505927561709541     
   38.402655831439475        9.8459855498495106     
   38.765159924832787        9.8417669896136140     
   39.110070537800262        9.8381277659342405     
   39.454437022507143        9.8348706050086445     
   39.798803507214025        9.8320002201727430     
   40.143169991920907        9.8295275927205559     
   40.487536476627788        9.8274663400568105     
   40.831902961334670        9.8258359284124399     
   41.176269446041552        9.8246645042038203     
   41.520635930748433        9.8239894396021974     
   41.865002415455315        9.8238536830828025     
   42.209368900162197        9.8242988634154003     
   42.553735384869078        9.8253593652564213     
   42.898101869575960        9.8270619262946113     
   43.242468354282842        9.8294310078619951     
   43.586834838989724        9.8324987840145468     
   43.931201323696605        9.8363115052911443     
   44.275567808403487        9.8409219459536175     
   44.619934293110369        9.8465754521222024     
   44.964300777817250        9.8537305422722081     
   45.308667262524132        9.8618336636781336     
   45.642646805583233        9.8707080157090754     
   45.952929509269460        9.8806946321644098     
   46.263212212955686        9.8917679496585524     
   46.573494916641913        9.9041771978651596     
   46.883777620328139        9.9181003587749430     
   47.173631791153618        9.9324449344472310     
   47.438056231702028        9.9467226445235788     
   47.731261856960565        9.9632455591142328     
   48.056387692391681        9.9828006293825755     
   48.391818194602379        10.004174333434340     
   48.712071855776394        10.025080309736223     
   49.002539119189699        10.044499336096630     
   49.261978566541096        10.063212699311430     
   49.517058221759378        10.083124043983716     
   49.776182794397378        10.104878875076560     
   50.004917841686058        10.124736491100794     
   50.232324779164550        10.145416534555025     
   50.456845162152781        10.167360148224171     
   50.678714050213749        10.190779984440487     
   50.919806301029354        10.218402610154259     
   51.183223165343435        10.251296099994967     
   51.472629547683127        10.289329661670445     
   51.728373539888935        10.324391121076681     
   51.980939396587345        10.361619156640945     
   52.188869993469694        10.394583554692124     
   52.417112627600446        10.432591816699038     
   52.658259899526414        10.474834676107205     
   52.899407171452381        10.519596790968270     
   53.145640564229190        10.566747807717300     
   53.379550667721674        10.613993454659079     
   53.571971174137758        10.656556876893907     
   53.774190423519940        10.704065671391691     
   53.923588366778269        10.739538174588109     
   54.076147305550570        10.776159043732100     
   54.245314061296313        10.818111724528494     
   54.421843679141972        10.864449329964019     
   54.578843865730299        10.909041947522153     
   54.750856290524773        10.960891413800418     
   54.941591211513106        11.021988820598635     
   55.147382842421607        11.092319488029970     
   55.325203868823998        11.156295690972250     
   55.507140860401158        11.224066691584655     
   55.708877463699103        11.302170675371908     
   55.912553296006109        11.385998309376413     
   56.064926095040533        11.454533437249626     
   56.222083797615795        11.530871820031324     
   56.395210390624605        11.622137405353246     
   56.587112534508201        11.730126958549848     
   56.774934240689639        11.845631396963340     
   56.907768973705224        11.934657889122343     
   57.042477307971176        12.029655086934204     
   57.190361709075539        12.139454774258487     
   57.346703122490148        12.261675987104610     
   57.505279904884567        12.392070714418258     
   57.638202493545990        12.509847987021045     
   57.784264372244493        12.646935702440581     
   57.946227297255788        12.810540444442003     
   58.121306988483532        13.001547483480048     
   58.304958128365421        13.211603637408508     
   58.471173908791187        13.409876679281195     
   58.629222124664295        13.609123942948699     
   58.797787918205380        13.835335152976789     
   58.980399221930220        14.091560780429512     
   59.151873125693903        14.342920791459186     
   59.312661850810095        14.594543995835025     
   59.460063080276200        14.838029246172056     
   59.602381338693903        15.086374082452179     
   59.744552681996311        15.346566654690717     
   59.894236390588304        15.632149722202609     
   60.060218673456106        15.966951454981576     
   60.222881017890117        16.304304305295489     
   60.398697322635641        16.673512842511919     
   60.579432498532597        17.061484092765209     
   60.776085772153820        17.492741482703707     
   60.953218359335892        17.887315558921678     
   61.124525124602400        18.267045363747780     
   61.314246353841682        18.687678674216588     
   61.518884415142203        19.142299452298115     
   61.702951667992401        19.545078156581400     
   61.894478657076426        19.959434557339083     
   62.061138084829160        20.318941110865570     
   62.220721945436118        20.655953005377881     
   62.387857851093585        20.995569524561859     
   62.573122507450009        21.357553840146885     
   62.774775316246952        21.737541780706668     
   62.965405276146477        22.076290474685727     
   63.165713870701396        22.412327442286543     
   63.374286381380728        22.750872730816617     
   63.573661066555630        23.061261371180187     
   63.785450903384692        23.370605644011363     
   64.017730997741936        23.691696326846284     
   64.253848402049456        23.999509367470342     
   64.486331059492883        24.285314053008857     
   64.683480947254509        24.512756672614454     
   64.887340179138860        24.729327198744066     
   65.113231857014696        24.947897432063282     
   65.363716566989126        25.170433471137027     
   65.610749704634230        25.374746847640708     
   65.867467350178543        25.575782087919123     
   66.122509993230778        25.763648396419132     
   66.378873920389481        25.944198061668530     
   66.651603232439385        26.133820671792709     
   66.918472610383475        26.295007650092398     
   67.192124164407176        26.429483868647093     
   67.443740264714052        26.535082897988762     
   67.658529344725295        26.614145377751036     
   67.888868615842554        26.693876038846327     
   68.144280007112499        26.779415802322379     
   68.412708923892481        26.859648988351445     
   68.704716465954363        26.937069670422012     
   68.972209655651511        27.002702636433881     
   69.227278527622730        27.061632556064602     
   69.490550558473046        27.113838783277526     
   69.767898566269309        27.162573986530660     
   70.042517274299996        27.202063953581046     
   70.261116733171278        27.227780209948538     
   70.495401311695815        27.255254350941371     
   70.752348137268683        27.287406923542132     
   70.993786292181383        27.319330847178300     
   71.242498670712550        27.357233123455206     
   71.514620222514409        27.401747996384284     
   71.787238489451525        27.444289729562275     
   72.082883150504088        27.485715940782267     
   72.410723515144980        27.523408015567718     
   72.731809131583219        27.557997920302238     
   73.023455832129414        27.583646640086297     
   73.248759085834266        27.603385801914015     
   73.438027049779137        27.618746944303584     
   73.635358693221676        27.635922239114393     
   73.854101821804690        27.659063516221288     
   74.096650865643127        27.689646025376476     
   74.364872040671088        27.723808369584127     
   74.628075746095902        27.760055562077586     
   74.875471027101838        27.799996997996505     
   75.137933516342372        27.838256130113297     
   75.389471190303226        27.866045852263987     
   75.577699766638986        27.885205349430105     
   75.772100780211858        27.903911371609905     
   75.987662777210247        27.922118031557265     
   76.226688921724318        27.942998112397408     
   76.489060475824814        27.971907438142207     
   76.746103346898465        28.007802236353118     
   76.976962082438376        28.042482959075489     
   77.192804938149493        28.078823436218968     
   77.425708683538048        28.120373081259419     
   77.651571530390711        28.163238936097795     
   77.897270417961835        28.206928173041440     
   78.133766700518379        28.248261713201735     
   78.369735910933173        28.286796086808870     
   78.621432365083649        28.322425094648032     
   78.856959553288036        28.356700248483421     
   79.058318386369180        28.387383495647427     
   79.278479505609042        28.417532534399239     
   79.522572715065763        28.448384205268475     
   79.776781612007440        28.479607158832742     
   80.050288084555930        28.513718623607549     
   80.309171187942340        28.544699752559293     
   80.515415674905299        28.565409638760016     
   80.702456587560647        28.582215089647494     
   80.898737859942116        28.598553795684250     
   81.105361641688688        28.615691222612138     
   81.275461169440050        28.629685797527674     
   81.448850878975250        28.645648606545198     
   81.641120625850604        28.665470664629169     
   81.854326002795617        28.689356812133703     
   82.090746384487929        28.717791251106991     
   82.352909286910958        28.747165334341652     
   82.609326146771323        28.770802690012545     
   82.889105048833201        28.788973917242824     
   83.157937487281131        28.795789453822209     
   83.399968759544961        28.793239130522380     
   83.642960408941534        28.784843908479246     
   83.862029529074604        28.773446691589637     
   84.104947892723501        28.761343861417323     
   84.360184710184583        28.755385094633798     
   84.591884178067303        28.747789369253649     
   84.822272949126031        28.737411303318961     
   85.075841170244999        28.727893823590907     
   85.343901459854166        28.718358623857696     
   85.615796272257725        28.704212587944028     
   85.846611701218009        28.690315861239586     
   86.029318147879280        28.680650012469780     
   86.226655584089514        28.672249153685367     
   86.445479347474020        28.664437529539754     
   86.687437139868408        28.661651718004894     
   86.948321925538735        28.655319094394510     
   87.225180489554205        28.645590601777236     
   87.497835610471711        28.645248423014255     
   87.757782152218383        28.657894612583984     
   87.998965808333750        28.678810572293280     
   88.251127345395943        28.706807512518122     
   88.520295211629829        28.737241952019431     
   88.778233017642307        28.766462885421014     
   88.988547175195450        28.793718377293526     
   89.191994555266902        28.822193891317607     
   89.415629281891242        28.856713948192692     
   89.639291032138857        28.896099437440657     
   89.843170466971301        28.929501210467439     
   90.045926352309039        28.962951310009043     
   90.224992427873758        28.993509044655035     
   90.395676130185734        29.024327170148258     
   90.584933721358695        29.061384221443756     
   90.794786184143831        29.104212578288873     
   91.024762261986027        29.149652026804119     
   91.252651512515044        29.183419642608989     
   91.493569096178987        29.209340871408688     
   91.718441585295921        29.223971277462987     
   91.922716739359544        29.227382024309378     
   92.149214375785590        29.222058232437430     
   92.385908848851813        29.217682140481866     
   92.636305960876825        29.220856732224870     
   92.866872309221463        29.228653882716863     
   93.073729873609892        29.237710130771536     
   93.283712218965462        29.251088469616317     
   93.516494752826674        29.266409379532600     
   93.768350467100248        29.281530432751708     
   94.020206181373823        29.290429645121591     
   94.272061895647397        29.293287350973138     
   94.538818446973153        29.290118371225624     
   94.818268303935952        29.294301910977921     
   95.104436627632310        29.301179724296059     
   95.406001933256420        29.305105737363448     
   95.684341272168396        29.314346137884367     
   95.904008616637554        29.320697810729111     
   96.140395492551761        29.326191244768157     
   96.402520709898624        29.326801956665410     
   96.668310369936535        29.319089927288815     
   96.916888585853485        29.311695311894322     
   97.167472898120892        29.310551632756908     
   97.439406708666482        29.310157238167935     
   97.724345362077742        29.310685739351026     
   98.005996288615819        29.299855544583522     
   98.243757990848792        29.283536472207700     
   98.489336551719163        29.258711931436878     
   98.701632897130253        29.231392438005773     
   98.890430068399041        29.204679017870369     
   99.092044071654797        29.176914326977236     
   99.315589715059829        29.147028068000722     
   99.563725379240722        29.112214002850731     
   99.838883017250197        29.069279413809515     
   100.09873320159416        29.033782244938102     
   100.33235335661038        29.010099456428520     
   100.56355095807436        28.992165309931323     
   100.79296764362925        28.975354829654929     
   101.03987472533268        28.956572540330519     
   101.26024158881472        28.944965989869996     
   101.46633560934119        28.940626644376845     
   101.66820853220473        28.939509414497774     
   101.87455128705390        28.945199153945186     
   102.09207825399106        28.955929929334083     
   102.33308810273572        28.971167719436799     
   102.60034046404228        28.984450952981678     
   102.86995709776816        28.989247696054068     
   103.09800957840997        28.988215818084662     
   103.32117316872859        28.989298915306371     
   103.56372617665789        28.994930672970657     
   103.80578086504619        28.998977100943957     
   104.02981881132249        29.004090609345482     
   104.27520163900162        29.011757500144423     
   104.48535643212934        29.014927081285094     
   104.68899114217577        29.014368475577331     
   104.91434819396140        29.015185077679774     
   105.16423877187582        29.022484024579057     
   105.42335799123116        29.028606032402173     
   105.70754893692445        29.037160454113806     
   106.00497105695548        29.046908361745910     
   106.31792542512211        29.055110328238236     
   106.61592181183906        29.057578599928661     
   106.89313027588241        29.053078977295534     
   107.15606169630367        29.048933074681326     
   107.40322693281065        29.050595181877998     
   107.62386179918970        29.057601397045534     
   107.85797742373067        29.068706162219424     
   108.09354115946324        29.084997405679523     
   108.31435915443087        29.104003968653270     
   108.54851894675591        29.121064406135883     
   108.80801876202707        29.131665685003277     
   109.04999762553501        29.139368064684362     
   109.25650892757633        29.145574994881656     
   109.47973624108481        29.152027827281596     
   109.72497945274968        29.157076936309185     
   109.92546088981705        29.163489463937989     
   110.12605328743825        29.173881151801794     
   110.33871554844319        29.189110202959359     
   110.56244809734619        29.204677502909963     
   110.80952404013348        29.221191298055537     
   111.06021420221478        29.234410425274977     
   111.31889545900540        29.245482645097180     
   111.51363398245691        29.255793357873738     
   111.72572821212420        29.269287318175298     
   111.94059048731880        29.283776855197853     
   112.17743317326547        29.292670194951814     
   112.44006620782837        29.294495224003612     
   112.68204531223053        29.289845872687327     
   112.91382786168833        29.280921798193596     
   113.15663338449049        29.269174594187675     
   113.38452234918363        29.256017191463421     
   113.63010028954689        29.245239919672102     
   113.85826966592866        29.237561377306736     
   114.07851559795311        29.223951302235211     
   114.32156780023803        29.199527980327254     
   114.59107622978991        29.174640777405489     
   114.82089911937220        29.162343001025683     
   115.05657643571760        29.161374775094924     
   115.29595745662232        29.173258052954935     
   115.55184062460523        29.195018379833726     
   115.83531270944266        29.223769234496611     
   116.11277372386158        29.254142709146230     
   116.38461015566580        29.287791616131525     
   116.68286129372389        29.331784967408272     
   116.94184411866171        29.372377036224979     
   117.17392094998506        29.400563544964253     
   117.42001158762353        29.419254665070984     
   117.67824941603509        29.430187812827281     
   117.89036850940536        29.440885262449488     
   118.10229579735012        29.457612821391393     
   118.33728216622025        29.482289756687290     
   118.55543063812827        29.507579578548995     
   118.77249346940779        29.528628904794481     
   119.00556707147209        29.542711182359277     
   119.26394614630462        29.551280511574880     
   119.53174562176568        29.557292119112571     
   119.77685446325265        29.560583081950021     
   120.01974267267482        29.558659295410660     
   120.26363944323995        29.553765277836472     
   120.53018358441328        29.552591410307709     
   120.77572555777910        29.555701294981905     
   121.01612175007564        29.556618240267397     
   121.27862928864214        29.555248127714865     
   121.55683673616633        29.545832541497081     
   121.83057111885938        29.523343068660445     
   122.11291225597840        29.491021416678571     
   122.38459717728993        29.462477978760894     
   122.65628209860147        29.439296206437394     
   122.95257974921473        29.426822593368911     
   123.19890937795348        29.418106959402195     
   123.44291829554021        29.402378113991261     
   123.71322318695076        29.386746669939757     
   123.98338467131481        29.385549085605721     
   124.24775401375648        29.386722055369773     
   124.51179976235373        29.387522286963804     
   124.80457057870738        29.386648934143341     
   125.08685020964933        29.380903893837068     
   125.34878226631402        29.362551978111203     
   125.60354786482914        29.329403208017961     
   125.82207973295928        29.295375748858756     
   126.03187204103688        29.266506168329535     
   126.25959414881680        29.238865665716478     
   126.51210565974804        29.208774046111646     
   126.77226722279975        29.173631604439969     
   127.02153606775475        29.140328291287307     
   127.28520303813671        29.109246445219924     
   127.52866200556807        29.085564841058822     
   127.73910528817274        29.065690940145160     
   127.95113804194621        29.046393241359294     
   128.18625264904816        29.027930522410351     
   128.44618602745879        29.018100222673372     
   128.70613697333883        29.015240830582130     
   128.94518321505620        29.011446267264862     
   129.18207365972171        29.005961729087471     
   129.40474211974666        28.999938770524079     
   129.63912798387631        28.998064765877704     
   129.84201269775863        28.999406003188039     
   130.03664827875767        29.000351213784629     
   130.24962239567603        29.000207091579291     
   130.48578417255084        28.999052903731272     
   130.74765790775592        28.999997145072157     
   131.01591173396235        29.008842158426269     
   131.28416556016879        29.021125913116482     
   131.52910557613575        29.033105493848296     
   131.75420503746341        29.043941323183212     
   131.93847655384536        29.055245252372170     
   132.12795693826627        29.069468308844964     
   132.30833130086032        29.081625445170118     
   132.49891273244100        29.089200150252026     
   132.70955314029959        29.093341272664379     
   132.94312222583136        29.092998782821436     
   133.20177201330290        29.081265166265105     
   133.47820112696550        29.060570614940346     
   133.78297859205705        29.028097744796060     
   134.11117689058474        28.992697094369213     
   134.40565631971944        28.965810378919066     
   134.72608742011320        28.938188821883504     
   134.98720573387016        28.927620392749041     
   135.23341088236987        28.931326429195337     
   135.50300703982197        28.936497654875904     
   135.77633465009882        28.932210768372311     
   136.03571935035143        28.919893225490870     
   136.29388097482976        28.907165869199392     
   136.57256846272224        28.898284380232511     
   136.80882840940177        28.892110801157305     
   137.04921680082157        28.885197466236015     
   137.26562359504271        28.881120248812536     
   137.48605556816608        28.879091207860817     
   137.72257743257242        28.880708617713644     
   137.95578859713700        28.883390437718933     
   138.19814205549778        28.880703318426232     
   138.45930603304441        28.878444026339256     
   138.72927138695553        28.871629030358903     
   139.01710620197031        28.855153077737612     
   139.32615444285213        28.836907290847815     
   139.62126244556674        28.828991443427444     
   139.87682481017055        28.828116347351649     
   140.13518692693555        28.826905364165864     
   140.39918887581666        28.828616166166931     
   140.62937051906280        28.839055022188763     
   140.86407681546171        28.855321079471434     
   141.12081004653439        28.863874305466751     
   141.36576439910718        28.870932819333827     
   141.60236212449354        28.877087916856841     
   141.84286436812036        28.878376216582609     
   142.08487921741232        28.874808244275165     
   142.26684495230620        28.873420174086743     
   142.46591860485984        28.872444214778028     
   142.68666280917620        28.870106363127189     
   142.91628146421436        28.866352962854105     
   143.15229594018916        28.867628039397228     
   143.40603661984801        28.877198818012300     
   143.63543820811205        28.884484213779395     
   143.86111609012036        28.888937046236343     
   144.09604919325349        28.893678342866625     
   144.35026103647687        28.898198432384085     
   144.58457664399060        28.902233744164505     
   144.81687991896632        28.911285538064220     
   145.04918319394204        28.920438331973450     
   145.30395439146349        28.927404280000296     
   145.54473394049205        28.937261533984756     
   145.77308231613495        28.947517661038752     
   146.01941022084725        28.957143718599962     
   146.27080927478426        28.970298526918103     
   146.50027077632234        28.985014845135229     
   146.71238783733631        29.000416352113017     
   146.93183604745749        29.019934754091260     
   147.17138215515109        29.050917684795255     
   147.41531721088455        29.095875734040025     
   147.68012606570804        29.147796195540113     
   147.95205588966920        29.187864881406025     
   148.21323072243246        29.215192120639191     
   148.47784431427297        29.239870145247838     
   148.76425135792212        29.254983877300770     
   149.00276714705751        29.254512348089140     
   149.20503245303394        29.249693413106304     
   149.41382841670793        29.245484256235873     
   149.64331256412584        29.244683818626751     
   149.88865888454347        29.244410009907661     
   150.12121845506761        29.242971571512008     
   150.34325205896528        29.238973972455405     
   150.58737539400963        29.231654352179159     
   150.85806281878834        29.224504936724145     
   151.13864331432509        29.218840246690814     
   151.35542139675925        29.210182569672657     
   151.58086441866325        29.191316722793449     
   151.83083998408799        29.161323603344194     
   152.09407441514381        29.130220918653322     
   152.36833274675277        29.098520804989832     
   152.65906990279470        29.064840878764500     
   152.91719227380017        29.043200816564323     
   153.16444726803351        29.023616175609231     
   153.43669527954205        29.000203227287876     
   153.70690326893578        28.990558992054559     
   153.99463700026513        29.000162465792616     
   154.26990398222475        29.008629760861073     
   154.54383177119087        29.007956225234761     
   154.81727696271867        29.003898404945549     
   155.08984577166154        29.007032281500173     
   155.38827940781368        29.018772621503995     
   155.65408468791421        29.031693928051219     
   155.91967711118971        29.040318946726490     
   156.16392975233629        29.046582898281624     
   156.41033975531747        29.060531466425726     
   156.67459357176926        29.079675386665514     
   156.94827462668786        29.087610867508904     
   157.19847689107021        29.094944527138356     
   157.41983873139660        29.109054116695312     
   157.59723614692433        29.122933535715408     
   157.76390205181164        29.131884242234673     
   157.94781369883603        29.138626626889806     
   158.15173375555653        29.146540881272447     
   158.37783874117795        29.152248443837532     
   158.62635496460589        29.149466353790341     
   158.90078862556447        29.136406583862872     
   159.19693779372201        29.121938622373058     
   159.50012317989217        29.108472090821913     
   159.78309851498315        29.102776952369073     
   160.05780148663766        29.106457933685466     
   160.33250445829216        29.112871420903918     
   160.58781584713500        29.124191489757916     
   160.79886466246830        29.130467494339687     
   160.98472267915776        29.130892854355402     
   161.18612488425978        29.125886117417817     
   161.40945088295607        29.118291294208774     
   161.63826278616850        29.109017400786019     
   161.85931655279060        29.099330495870255     
   162.10442633326082        29.083667527022531     
   162.33247234443718        29.062983112955504     
   162.53858120706349        29.042564307873612     
   162.76462689179306        29.025721797946016     
   163.00135206542114        29.017133179231731     
   163.19580395717006        29.018890698514038     
   163.38241454155238        29.023386100250100     
   163.58743630393587        29.023515177960149     
   163.81478199292565        29.014826383005300     
   164.06688210904980        29.001973120151806     
   164.32735550107881        28.988171485557327     
   164.59459065632220        28.967914284012735     
   164.83254506669039        28.950176790150984     
   165.05916516505590        28.937637428890717     
   165.28578526342142        28.928631064865602     
   165.47953294469795        28.922410216527769     
   165.65807878989426        28.913730338000377     
   165.85351408167259        28.901041899042383     
   166.07023099082696        28.886465712477211     
   166.31054670615012        28.869503295713574     
   166.57703069039866        28.852941601948295     
   166.82105359137549        28.838773358794384     
   167.08107022950398        28.819105328627650     
   167.33258794908812        28.800334227898162     
   167.57533891982314        28.786689431038280     
   167.78877396048168        28.780686542574085     
   168.02543957960486        28.780087979247057     
   168.26357879475970        28.784351356829145     
   168.49510314273843        28.792437137946362     
   168.73248854904361        28.799425125800735     
   168.96042556879800        28.798834479209308     
   169.17715160189454        28.790161087132123     
   169.41736349959302        28.776546780535416     
   169.66853856421284        28.767528946639786     
   169.88219448149979        28.769138528302111     
   170.09013310069949        28.775684161519994     
   170.32070679441472        28.782331704594100     
   170.57378369762523        28.788849969710679     
   170.82355121745758        28.795602012005979     
   171.05514766386062        28.796980346535214     
   171.29740112350817        28.798402838348082     
   171.55615379192992        28.800948516313738     
   171.80436959098267        28.799185274166756     
   172.02163719244049        28.792917135192461     
   172.26255537101426        28.783637793903374     
   172.52969831569058        28.777746657330905     
   172.80844306901852        28.778693881366308     
   173.05014890385158        28.786044401499929     
   173.30139019485378        28.793113110690854     
   173.56944374858719        28.805005291702891     
   173.82030078133451        28.813136169535181     
   174.03849720929028        28.817179564145679     
   174.25152447371542        28.818205864716244     
   174.46455173814056        28.816099839089730     
   174.69841279141727        28.812944800588955     
   174.92040325331112        28.819027768883952     
   175.14592688101848        28.834252033161132     
   175.33844374451894        28.846864063518424     
   175.54076994084062        28.854892270610527     
