  0.25554999999997924        10.254173263621214     
  0.26170439499998122        10.254640378482032     
  0.26852899689998089        10.255157256848523     
  0.27609678303848284        10.255729084152323     
  0.28448867626496188        10.256361559091413     
  0.29379440992650091        10.257060940998270     
  0.30411348701077195        10.257834099472458     
  0.31555624369347179        10.258688566998073     
  0.32824502865353455        10.259632594634398     
  0.34231551075612393        10.260675210707932     
  0.35791812907457105        10.261826282326220     
  0.37521970074293104        10.263096579417464     
  0.39440520381652716        10.264497840870719     
  0.41567975418732150        10.266042842185279     
  0.43927079767351385        10.267745463840637     
  0.46543054070099926        10.269620759367895     
  0.49443864554268319        10.271685021806931     
  0.52660521890705114        10.273955846901490     
  0.56227412580051728        10.276452190971266     
  0.60182666406177432        10.279194420926672     
  0.64568563881831753        10.282204353324975     
  0.69431988038615544        10.285505278715760     
  0.74824925386921115        10.289121966769958     
  0.80805021396586518        10.293080646820906     
  0.87436196431196977        10.297408957473342     
  0.94789328714523158        10.302135857844069     
   1.0294301162336299        10.307291491797713     
   1.1198439339470150        10.312906995240773     
   1.2201010821509140        10.319014235167034     
   1.3312730863589226        10.325645467740417     
   1.4545481033986705        10.332832901316026     
   1.5912436148422162        10.340608149057708     
   1.7428205017522189        10.349001554826101     
   1.9108986510428252        10.358041375559120     
   2.0972742601061563        10.367752803831614     
   2.3039390244858189        10.378156816315787     
   2.5331014134817340        10.389268838426512     
   2.7872102608604532        10.401097224013784     
   3.0689809225593407        10.413641562739155     
   3.3814242806755912        10.426890846870762     
   3.7278789034144433        10.440821546780510     
   4.1120467043596669        10.455395641715482     
   4.5380324817815190        10.470558581556439     
   5.0103877601134323        10.486236945369770     
   5.5037672265182964        10.501457605956542     
   5.9971466929231605        10.515562073806144     
   6.4905261593280246        10.528628806964972     
   6.9839056257328886        10.540724321609114     
   7.4772850921377527        10.551907027287728     
   7.9706645585426168        10.562230841150159     
   8.4640440249473965        10.571747342295842     
   8.9574234913521718        10.580505854476799     
   9.4508029577569470        10.588551801864057     
   9.9441824241617223        10.595924173834032     
   10.437561890566498        10.602653285553867     
   10.930941356971273        10.608760070439192     
   11.424320823376048        10.614257005172385     
   11.917700289780823        10.619149554961087     
   12.411079756185599        10.623437764895483     
   12.904459222590374        10.627118864629677     
   13.397838688995149        10.630191111284990     
   13.891218155399924        10.632657594506918     
   14.384597621804700        10.634528563257888     
   14.877977088209475        10.635822156871887     
   15.371356554614250        10.636564363233543     
   15.864736021019025        10.636788543086489     
   16.358115487423802        10.636534303747309     
   16.851494953828578        10.635845825304820     
   17.344874420233353        10.634770089248175     
   17.838253886638128        10.633355117715153     
   18.331633353042903        10.631647673960183     
   18.825012819447679        10.629690075098560     
   19.318392285852454        10.627517267958348     
   19.811771752257229        10.625155795774107     
   20.305151218662004        10.622624507960250     
   20.798530685066780        10.619936172613103     
   21.291910151471555        10.617100197446348     
   21.785289617876330        10.614126347120333     
   22.278669084281105        10.611028108890524     
   22.772048550685881        10.607823740404349     
   23.265428017090656        10.604533116566362     
   23.758807483495431        10.601170297821033     
   24.252186949900207        10.597735578012793     
   24.745566416304982        10.594213281248701     
   25.238945882709757        10.590578907105757     
   25.730349575562812        10.586834514998749     
   26.199031872571084        10.583131395201923     
   26.667714169579355        10.579308173620964     
   27.136396466587627        10.575349925599413     
   27.605078763595898        10.571213922902377     
   28.073761060604170        10.566835489654459     
   28.522972866449589        10.562349866206780     
   28.968196740370086        10.557557933012655     
   29.413420614290583        10.552382090003736     
   29.858644488211080        10.546793919855835     
   30.303868362131578        10.540784508838030     
   30.749092236052075        10.534365003622868     
   31.176059763179463        10.527853792188107     
   31.599019799547388        10.521088401351752     
   32.021979835915317        10.514056046905937     
   32.444939872283243        10.506801980359567     
   32.867899908651168        10.499371455158617     
   33.290859945019093        10.491806923557036     
   33.708953327260836        10.484238874087939     
   34.110753997862751        10.476901704360499     
   34.512554668464666        10.469530794457741     
   34.914355339066582        10.462147286706621     
   35.316156009668497        10.454771128649796     
   35.717956680270412        10.447421784804435     
   36.119757350872327        10.440118546742891     
   36.521558021474242        10.432880695548461     
   36.905069837913345        10.426054534956506     
   37.286772866578104        10.419350855256209     
   37.668475895242864        10.412758964502201     
   38.050178923907623        10.406298810286140     
   38.431881952572382        10.399994181656950     
   38.813584981237142        10.393873378135153     
   39.195288009901901        10.387967985312876     
   39.571834078432538        10.382387626604864     
   39.934437254748694        10.377261230665098     
   40.297040431064850        10.367361950627965     
   40.659643607381007        10.357284472566578     
   41.022246783697163        10.348009712607439     
   41.384849960013320        10.339434774313572     
   41.747453136329476        10.331507489039783     
   42.110056312645632        10.324199494982974     
   42.472659488961789        10.317496075745446     
   42.835262665277945        10.311390779291226     
   43.197865841594101        10.305883813143348     
   43.560469017910258        10.300983471890572     
   43.923072194226414        10.296707385510938     
   44.285675370542570        10.293079454617846     
   44.648278546858727        10.290120957255201     
   45.010881723174883        10.287841914629530     
   45.373484899491039        10.286240671403265     
   45.736088075807196        10.285306677282112     
   46.098691252123352        10.285020047164608     
   46.461294428439508        10.285353405401228     
   46.823897604755665        10.286274098059181     
   47.186500781071821        10.287746268387586     
   47.549103957387977        10.289735528145700     
   47.911707133704134        10.292212352838391     
   48.274310310020290        10.295148890901659     
   48.636913486336447        10.298512121895262     
   48.999516662652603        10.302270437652862     
   49.362119838968759        10.306424237585823     
   49.724723015284916        10.311014576702490     
   50.087326191601072        10.316070420737187     
   50.433018464664180        10.321340862381359     
   50.777437874041574        10.327086311058384     
   51.121857283418969        10.333414128269519     
   51.466276692796363        10.340417930612830     
   51.810696102173758        10.348189285506937     
   52.155115511551152        10.356768060883292     
   52.499534920928546        10.366161478468175     
   52.843954330305941        10.376497425009118     
   53.188373739683335        10.387794929321467     
   53.532793149060730        10.400133985210838     
   53.877212558438124        10.413961370781939     
   54.221631967815519        10.429860021456085     
   54.566051377192913        10.448116978794245     
   54.910470786570308        10.468897643078103     
   55.254890195947702        10.492195696972129     
   55.599309605325097        10.517955687405621     
   55.912692162209630        10.544320334288845     
   56.171039349274977        10.568323358349350     
   56.368273439372032        10.588076049230006     
   56.565441689509200        10.608907756994684     
   56.783019553840433        10.633992598302745     
   57.023402092320900        10.664293281183609     
   57.267018821839663        10.697827040041636     
   57.518470993475354        10.735345576281700     
   57.784849523305404        10.780213376007172     
   58.037328259865227        10.829375787403217     
   58.281212550380218        10.882235628973303     
   58.542563108757797        10.944036507670443     
   58.816882414228374        11.013921862306169     
   59.080078913629848        11.084267253762295     
   59.252482064037295        11.133383988008296     
   59.433559631720264        11.188334117833588     
   59.633867410071964        11.252407085169336     
   59.843563443194064        11.323451555941586     
   60.062760900283202        11.400991637234528     
   60.304849044384909        11.488135754346803     
   60.552892008530733        11.583464045191093     
   60.763785990666641        11.668907311043379     
   60.981781829021216        11.761814307786347     
   61.185958758785617        11.854971178543899     
   61.402302696514759        11.960364291071391     
   61.612311034658035        12.070175286799275     
   61.810636328884556        12.179917853048870     
   62.016946764825349        12.297851674377458     
   62.219627265931507        12.418053747798959     
   62.407441585239837        12.532416640989805     
   62.591232583768914        12.649830161780388     
   62.788431850254142        12.780521555498520     
   62.990845443166762        12.915939018563588     
   63.209793571987312        13.067694258198514     
   63.385891128658585        13.197756023696988     
   63.534774696070357        13.314293190498827     
   63.699666244469469        13.449950040172309     
   63.879992962234880        13.607848654384153     
   64.050602194533880        13.765302169840259     
   64.211004807794183        13.918348965457959     
   64.368484104411181        14.072128456871273     
   64.521937787798223        14.224777544367575     
   64.682170412684187        14.388535518947640     
   64.835113958960889        14.549374048626566     
   65.002896361836079        14.732777292619073     
   65.188948234333523        14.947376941853404     
   65.382848276728339        15.178424545994364     
   65.567302584343906        15.407735023673846     
   65.729543016432757        15.619593044305290     
   65.870855600278944        15.813308799467171     
   66.026606956088699        16.034833850438837     
   66.193435099433998        16.278947916892381     
   66.360263242779297        16.530493759957036     
   66.543714205578425        16.814595547611987     
   66.728226199406521        17.111891095892506     
   66.911328913158115        17.416385674253256     
   67.096712012799117        17.724841218847025     
   67.283133379316212        18.040687486748592     
   67.465329644299118        18.352969329614218     
   67.648578987958047        18.660966917131255     
   67.841734467580906        18.980075523665175     
   68.035109013967713        19.302805618555361     
   68.230126203478108        19.631068624629552     
   68.414082781759021        19.943194981170503     
   68.591094535218076        20.250298664765452     
   68.773968937755697        20.574934706146781     
   68.972123561427125        20.919418091940408     
   69.176767804333352        21.265660198091432     
   69.373018857926837        21.587927500146996     
   69.554930420496675        21.880136373544040     
   69.755402998767181        22.192685405234986     
   69.963093963906488        22.498338357571448     
   70.173485286354975        22.796647724801335     
   70.396128196566579        23.103842677314031     
   70.626240123668254        23.409101662970361     
   70.818359524969864        23.645162129856828     
   70.984096469498724        23.834020597573776     
   71.163973305524422        24.021731552720599     
   71.363436347691831        24.216352792270673     
   71.567351211549990        24.409371281162670     
   71.766065579147011        24.588952473266168     
   71.986407824277450        24.777059865318545     
   72.214663820095168        24.956324738215866     
   72.425456026822218        25.110742397324724     
   72.618886934777706        25.243596151835732     
   72.829623403496939        25.381903436789010     
   73.061500366502045        25.528303202277662     
   73.298245529777375        25.669968524160168     
   73.534676193793416        25.810728947581289     
   73.765355502632758        25.945143166629283     
   74.002296051612177        26.077479157579941     
   74.252078784084830        26.207746434194245     
   74.524454405049994        26.334634436775087     
   74.760650843568655        26.436249132413817     
   75.002720004410406        26.541182736019881     
   75.262655761982245        26.652921980610650     
   75.531641514048573        26.767487487904447     
   75.798375727142115        26.883889008673652     
   76.069231927371604        27.001449601460347     
   76.313409598072255        27.095826191974187     
   76.573277599940511        27.182399232119486     
   76.815557541269115        27.259470911095484     
   77.076877280449352        27.332833789474094     
   77.339884466900244        27.398992333582008     
   77.595410390085718        27.460227415097066     
   77.840435979718279        27.519283954283509     
   78.092600945585161        27.580811551459988     
   78.317062929677789        27.635166191328796     
   78.535862759576290        27.685119929748154     
   78.766324348472438        27.731315219542640     
   79.009349522839543        27.773946180125563     
   79.247422113482187        27.814733476702749     
   79.505135559473899        27.862331834408785     
   79.727095722900273        27.897198300316010     
   79.948434673001628        27.928075935865678     
   80.193172942093796        27.955735890728430     
   80.446181869955907        27.979472807508969     
   80.672794344537678        28.005251002203192     
   80.921551400369836        28.042428017443338     
   81.169130080765058        28.084071870676112     
   81.407369143072060        28.125661918708250     
   81.653621776133321        28.164589167924110     
   81.905362817483649        28.197164378553726     
   82.146264657599488        28.225239230813081     
   82.368238877126814        28.247869014921928     
   82.606688034755436        28.269042086699240     
   82.850381300609442        28.287377617565493     
   83.090712634858164        28.306096107648266     
   83.332946719146960        28.322156847793650     
   83.585285289307635        28.336554606476717     
   83.832411048578876        28.358678085064028     
   84.039398396225536        28.386830861773920     
   84.254187725024806        28.414533428802621     
   84.492342771100652        28.444463211413865     
   84.756405041374961        28.474543904982141     
   85.048870736849636        28.494678828920762     
   85.341336432324312        28.511661478686484     
   85.616788936259283        28.539876306354888     
   85.871739676485760        28.577677862357564     
   86.119930384484334        28.615232359959638     
   86.351901567452671        28.645070931729421     
   86.573337790584986        28.671265259713607     
   86.769604761117648        28.695570165268688     
   86.964883858094126        28.718265596585255     
   87.180930701155816        28.744003847941787     
   87.382625531998784        28.765094840158049     
   87.601034206386643        28.785304087546621     
   87.843206617412122        28.813630071196606     
   88.096117235762009        28.846092084378000     
   88.340128556989654        28.873532758276031     
   88.604511341876773        28.901212145906111     
   88.846554300404478        28.927406123067314     
   89.087483565335958        28.948907040900146     
   89.354035428261682        28.961415251283448     
   89.620587291187405        28.962892377104065     
   89.901285904319877        28.959323257928457     
   90.156449718757472        28.960289027699147     
   90.415482448180867        28.962838925322323     
   90.669486826713083        28.958676196408515     
   90.951146632338506        28.948787383598400     
   91.228559718588414        28.933862772299630     
   91.519437275788746        28.913048829806442     
   91.826726338268344        28.897086508346366     
   92.100180832293233        28.887015258393326     
   92.354877109382699        28.877498154212528     
   92.626062656191493        28.864844239787875     
   92.874378111747774        28.848587088486607     
   93.133568215489916        28.826038139919341     
   93.403483139692284        28.800774829645590     
   93.663905073609413        28.775611356543948     
   93.929929251020837        28.746148604366827     
   94.212207005164984        28.710142542349946     
   94.492124984855209        28.676865272413480     
   94.787536451789506        28.649496908227409     
   95.061000401130016        28.638628998270015     
   95.315864012469945        28.632923499321048     
   95.523562518840677        28.630494335299609     
   95.732062363010087        28.632106757436190     
   95.963250218453865        28.629687895930356     
   96.206505466493340        28.621449385194829     
   96.476087551783650        28.612617682308812     
   96.742362011352711        28.607335301536015     
   96.959364462254982        28.601308779375092     
   97.192744245906042        28.598521054866310     
   97.446231331713889        28.600522609966074     
   97.701409739861248        28.611560731445461     
   97.915251211324787        28.622923372186410     
   98.148427886440416        28.633584046838202     
   98.377228584015384        28.647435789692185     
   98.605531818767730        28.666422328796671     
   98.858692972478650        28.695295953869969     
   99.099480800400286        28.723911176401721     
   99.351700116095515        28.747389665546834     
   99.610545786582222        28.774439594446509     
   99.861594226288076        28.802051394637992     
   100.10711745822965        28.828304405411394     
   100.37522447982815        28.854657259567464     
   100.62964395890521        28.881378720938034     
   100.88318976505536        28.907781565478508     
   101.13559557209348        28.932212484118665     
   101.41367813500284        28.957128489936686     
   101.67022199931756        28.978239735524625     
   101.86506929758775        28.992903000573232     
   102.05449381999426        29.007176524798766     
   102.26452626900308        29.022477591508512     
   102.49608831918263        29.039168978032059     
   102.74277061506976        29.060367793146217     
   103.01012160555072        29.084312521662035     
   103.26255108808893        29.111244141259409     
   103.52931278787578        29.142124199479603     
   103.77607561207252        29.163833492282546     
   104.00639457709026        29.173886734831221     
   104.25811080074972        29.177106171186441     
   104.52338508620947        29.174863937813353     
   104.77111690405756        29.163881977628627     
   105.04534069594904        29.144604833682472     
   105.32051565929196        29.122628016372271     
   105.56682623828627        29.095232151932173     
   105.80021698682940        29.059588751280170     
   106.04407874904909        29.016486364002287     
   106.31447644673888        28.966880172135543     
   106.58990799810964        28.924401173832401     
   106.86554138764934        28.888585364378866     
   107.13587288457224        28.859925982794717     
   107.38683438387888        28.837985738489408     
   107.61973799661955        28.825813572615182     
   107.84976058913290        28.815137348116430     
   108.09045389661168        28.801853842537824     
   108.33803832308035        28.787338664332218     
   108.59708706853036        28.775863963776423     
   108.88433199085068        28.762267705740740     
   109.15010063820080        28.753428713310441     
   109.41894694288759        28.741696243593104     
   109.68984851554079        28.720542249434377     
   109.95459548521802        28.695577572867446     
   110.19718069122946        28.669024817689852     
   110.42946577114097        28.639621873215447     
   110.67610556920057        28.617323356778083     
   110.94958999953612        28.607552142202508     
   111.23231687958925        28.601474056941431     
   111.47102308510678        28.596168541537249     
   111.72135781838793        28.586438171911066     
   111.95824240838675        28.577980462749732     
   112.20927121241075        28.572719639059358     
   112.46100844063473        28.572319336857770     
   112.69054595362276        28.580917742709897     
   112.93197158114070        28.593454166244356     
   113.19434380788509        28.601940962915990     
   113.45671603462948        28.607400899657094     
   113.70588980871059        28.621674549895928     
   113.97517854312167        28.639607335040509     
   114.26368258999706        28.657096229020240     
   114.53767823210333        28.669837655718435     
   114.81895823809472        28.675164537559912     
   115.08552820353049        28.674589229720329     
   115.35194958269801        28.672432544024048     
   115.61281015721312        28.673676930815997     
   115.81333249233465        28.676746924698989     
   116.00222052560183        28.681533837920806     
   116.20131775076830        28.687249891247649     
   116.42122608190606        28.691924796850294     
   116.66119898490926        28.698724932360470     
   116.88819123131084        28.711961914301558     
   117.12825510303561        28.732640564973462     
   117.36264838889187        28.751967701187571     
   117.59875207590109        28.768528942573329     
   117.85866834950977        28.787740616212080     
   118.14230969144266        28.811534914752031     
   118.39101941786309        28.839109615933399     
   118.61664375412117        28.866884337204745     
   118.86092959811650        28.891854710905488     
   119.12162779212126        28.912622808381258     
   119.38760332128952        28.933001498199090     
   119.67119618041094        28.956605945116607     
   119.92120225613472        28.977558360896204     
   120.14521438526033        28.993650052699778     
   120.32913796503324        29.004029244800488     
   120.52362604409655        29.011445091508097     
   120.73928754477140        29.022523765644699     
   120.97065397800849        29.035626942685962     
   121.22256617276831        29.051590460389196     
   121.49308034025351        29.071348567825158     
   121.76389164288173        29.092091742985957     
   122.00193367649861        29.105259524616656     
   122.25875140152141        29.112477345188420     
   122.51758609805063        29.114737568408579     
   122.78478673537489        29.115327404319061     
   123.07911312956929        29.114493711280087     
   123.39701890160082        29.100006379905540     
   123.70683353414360        29.081163913573914     
   124.01664816668638        29.065019384252398     
   124.30486725423997        29.062002191839529     
   124.57224469361405        29.058709338199066     
   124.81000094796049        29.051758035591313     
   125.07072222819995        29.044820063928675     
   125.34586245270603        29.034521267034226     
   125.63230633934211        29.022075113219280     
   125.93019948678382        29.019461702707478     
   126.25333220623021        29.018429169407810     
   126.54606966853160        29.022850890439017     
   126.80499519093516        29.034977591959350     
   127.09102626399267        29.056973253686039     
   127.38010695446290        29.088801449932930     
   127.61718988795525        29.115589637816001     
   127.84860665067288        29.140389444088388     
   128.09435227604362        29.166503084407022     
   128.35090739429356        29.187931317648239     
   128.59049415897738        29.203662828514549     
   128.81500623777205        29.223415881519411     
   129.03612687114764        29.244153940274707     
   129.25287424980706        29.254702770017605     
   129.49094189945413        29.262201980983075     
   129.72423004240244        29.270843195890862     
   129.93607015023082        29.276988999774314     
   130.13134303574000        29.272605974559596     
   130.33794180894930        29.261201472846835     
   130.56651826923667        29.249608550541843     
   130.79437946059605        29.238946768216174     
   131.03849125936054        29.221329756780346     
   131.30228066262777        29.199135159823914     
   131.55456696248140        29.174205789501411     
   131.83246604783139        29.142883596387382     
   132.11036513318138        29.118041483321974     
   132.39908657638458        29.098452297316062     
   132.69875128626933        29.081873471500472     
   132.96633336302065        29.064313290533452     
   133.21336706191221        29.045739223967065     
   133.45664181956511        29.024910941559291     
   133.72256566781732        28.998144077122785     
   134.00469967655479        28.967333952629943     
   134.29906240285132        28.937116587543592     
   134.57798479054105        28.913659247992705     
   134.82927612235613        28.895848698203302     
   135.05868670756993        28.883247547268841     
   135.25913434386212        28.874575020818465     
   135.47023099585866        28.869353792699854     
   135.70430871361989        28.867638335048099     
   135.96386906212268        28.859776723575081     
   136.24345796060584        28.850438469551737     
   136.53599562059168        28.835703897510850     
   136.82939608511407        28.812853411857162     
   137.07741741264675        28.790718084047576     
   137.34050446662795        28.768416126245597     
   137.63222629600315        28.750027006925070     
   137.93585349619528        28.740024831550301     
   138.24530148692071        28.744402318089062     
   138.55660014708891        28.758904011034442     
   138.83661862685503        28.771480357927839     
   139.10270863243457        28.785964785421793     
   139.35846656159356        28.804270726958961     
   139.62702205087140        28.824672820798092     
   139.91779530054995        28.841180638124097     
   140.17464011755999        28.850191280432245     
   140.42647051387212        28.852986882437818     
   140.69115974903843        28.851771195811107     
   140.95377895640775        28.848324701945376     
   141.19632380055552        28.843022891046612     
   141.45224633701946        28.837766055107984     
   141.68326832968341        28.837065761478964     
   141.93605691367185        28.831545892403039     
   142.18081136550643        28.824170067110408     
   142.40764923055826        28.817072079327144     
   142.65057479576512        28.812864023414591     
   142.89402803519633        28.813290209727384     
   143.13223161056965        28.817718165761754     
   143.38416618306397        28.825946497854382     
   143.64939832922573        28.833921779501051     
   143.90216623663585        28.833279219929825     
   144.09873536255125        28.828966553633183     
   144.29867522836565        28.823034939211034     
   144.49872162551009        28.817991072372283     
   144.71668173082725        28.808683610692686     
   144.95722722568814        28.792839544517108     
   145.20191122709230        28.780224813584475     
   145.44319625120781        28.774006991260020     
   145.68341704869019        28.773781359773029     
   145.91567235103446        28.778096373052719     
   146.14877920787177        28.784238318072170     
   146.40725915417792        28.785926855917825     
   146.67836634533418        28.773068038667841     
   146.95382406119094        28.750093163918130     
   147.23606249890426        28.732709095312892     
   147.50082255452881        28.727773377058544     
   147.77429322894434        28.728821414186775     
   148.00697948709566        28.729897334801716     
   148.20785317359724        28.730777960093601     
   148.42985487835725        28.732489836252128     
   148.64679435936782        28.735102003398087     
   148.81928378693814        28.739252628981767     
   149.00266468154049        28.748871843461171     
   149.20577064143819        28.764984755507754     
   149.41634639062198        28.781536862765559     
   149.64605342798347        28.796349707674413     
   149.89783240601821        28.811148856512236     
   150.11931718647824        28.828034380907884     
   150.35923200462727        28.845255534190876     
   150.59647223984237        28.854554990665829     
   150.82549060194648        28.860611853406180     
   151.07430890412499        28.868574298711952     
   151.32007567967753        28.876874985055608     
   151.56064152829723        28.888539543837553     
   151.81881612963630        28.899897279225200     
   152.09525869987041        28.899650843105309     
   152.39378024619961        28.901189219419575     
   152.65028316946496        28.913264956534093     
   152.88949100064832        28.929804243604302     
   153.10348156146438        28.946155014600858     
   153.29398757401395        28.959291382758064     
   153.50240864704989        28.970112698955077     
   153.72529289106501        28.979669222246510     
   153.96317213496602        28.990515993205747     
   154.17135849733936        29.003849890806833     
   154.39134813630474        29.019256275145207     
   154.63527066135262        29.036991165461391     
   154.89737337224582        29.054916704491937     
   155.17206758672683        29.063464316723625     
   155.43852310791732        29.064363722172356     
   155.71755202679478        29.067892575782430     
   155.97419059853047        29.073123096423238     
   156.22683197534602        29.079113117927474     
   156.47844278036806        29.081633924546832     
   156.74165289863618        29.085690358169909     
   157.00099124792962        29.090683527394535     
   157.23950138152881        29.090038915305271     
   157.46621195195380        29.087673461024924     
   157.71661723921889        29.084033779436830     
   157.97467155400838        29.080655105590047     
   158.23960865840408        29.073515098419495     
   158.48337450923933        29.077677771787531     
   158.69801909265894        29.093603564290852     
   158.92754099893909        29.113809241449967     
   159.17721556493422        29.140717680984842     
   159.43684038812438        29.172008731807978     
   159.70654784509580        29.206916765086525     
   159.96868105822230        29.241568524009519     
   160.21000546290853        29.276845392232875     
   160.44300476022156        29.312401857732151     
   160.69686833534379        29.348781819159459     
   160.92978438510647        29.374227453876831     
   161.14433417865257        29.390385182569343     
   161.35812379362363        29.400857096174342     
   161.53838767335168        29.408443504484090     
   161.73472395512357        29.416287055348725     
   161.92704751050971        29.425834010356468     
   162.09515507594261        29.433279535682406     
   162.26507216769159        29.435029849898179     
   162.45283242504834        29.430642334387233     
   162.66102968473504        29.418927623714868     
   162.87882735816365        29.399252881225287     
   163.09244485194378        29.373024721782876     
   163.32315480423654        29.342162233255852     
   163.57070048781685        29.316284688478635     
   163.80470154082579        29.291468655274613     
   164.04682164947664        29.263315728083935     
   164.31121252070531        29.239128804831161     
   164.56593084888132        29.224894968975121     
   164.82349511130866        29.215047436544893     
   165.03653954713218        29.207038518860188     
   165.25980726311781        29.194020729352125     
   165.49470148882386        29.179701110428763     
   165.74535005023432        29.168768457498810     
   166.01315591002461        29.158439490826723     
   166.26011579004532        29.152164844089008     
   166.50697332741456        29.151341059805802     
   166.75570372326203        29.160796563170788     
   167.00443411910950        29.182132318690766     
   167.24566231368979        29.202661143047720     
   167.50432769077034        29.224889094230360     
   167.78464444103079        29.252068458317517     
   168.05572367312001        29.273712895544470     
   168.28582659805201        29.289802557913649     
   168.52542844585670        29.302728096892519     
   168.78538157953230        29.304457610198352     
   169.05949145037002        29.299736617193837     
   169.28561334050315        29.293410121047717     
   169.45725060007021        29.289604693758228     
   169.64552539719065        29.284218618980205     
   169.85428906086943        29.275336549730181     
   170.08577101670502        29.263812545730719     
   170.34244324864184        29.247313675877528     
   170.61766173535952        29.228924886572624     
   170.88405037840343        29.216447538352746     
   171.15342931386894        29.203249396380443     
   171.38613221597106        29.191686105457979     
   171.63256044177794        29.186245779300762     
   171.90272088674104        29.190573295016204     
   172.15520309696004        29.201412340232245     
   172.41126161800082        29.216455725983323     
   172.68291105879189        29.234600736899367     
   172.92561281384633        29.253366291890551     
   173.15471303503534        29.279445686808874     
   173.37138350475942        29.307252594366247     
   173.57627685942833        29.334936880499324     
   173.79786339541283        29.369804079614159     
   174.04223693030988        29.412446328167732     
   174.31302454914643        29.448187233312208     
   174.59712822713345        29.469548021784096     
   174.87916385479372        29.484970848260016     
   175.13759246946910        29.495937740119508     
   175.39145884037231        29.502952616893406     
   175.64532521127552        29.504617270153947     
   175.91068721040114        29.516453763829357     
   176.19068000908254        29.544108163612112     
   176.44257380623890        29.572180039416125     
   176.64569596636068        29.588251490976180     
   176.85379433192804        29.596953568710649     
   177.07731139252084        29.603379236474172     
   177.32448653912624        29.611710804521447     
   177.57864429501066        29.614445668119103     
   177.84661217598736        29.607180872470494     
   178.12732786474155        29.595827132362398     
   178.37573537615239        29.581152389216491     
   178.60639525909198        29.561432719775876     
   178.86004257994384        29.539098779167158     
   179.13628385553631        29.515239617564635     
   179.36649013790205        29.495032923990969     
   179.60224636615831        29.478072783623961     
   179.82644913145043        29.462217063472629     
   180.04393016773179        29.445483789610130     
   180.28463871003765        29.427099880651667     
   180.53146224995402        29.413769698588901     
   180.80157846242906        29.399400272742291     
   181.06868489309440        29.385656431848943     
   181.35349757564276        29.372023860556759     
   181.59553584348876        29.359786988755012     
   181.81289758622952        29.346350304919635     
   182.00600756828808        29.330685406701058     
   182.21138391065526        29.308241151699157     
   182.43911271355611        29.289477972941967     
   182.68022199552885        29.277837092789792     
   182.93294106820980        29.267645697571744     
   183.21144746980642        29.253402292969128     
   183.46875145101700        29.240388271479635     
   183.73295981168002        29.235880396085882     
   183.99741347160244        29.235803984239705     
   184.27666056959714        29.237526088605556     
   184.55170601802234        29.235438598211260     
   184.83422373576829        29.234908892961567     
