   4.9999999999999975E-003   10.247470339053312     
   9.9999999999999672E-003   10.261027262916784     
   1.4999999999999937E-002   10.274269499075336     
   2.0000000000000059E-002   10.287221454612437     
   2.5000000000000203E-002   10.299899728556500     
   3.0000000000000346E-002   10.312317305215881     
   3.5000000000000489E-002   10.324485075333531     
   4.0000000000000632E-002   10.336412551803555     
   4.5000000000000775E-002   10.348108260878087     
   5.0000000000000919E-002   10.359579978627721     
   5.5000000000001062E-002   10.370834884737860     
   6.0000000000001205E-002   10.381879668337689     
   6.5000000000001001E-002   10.392720604168659     
   7.0000000000000451E-002   10.403363609461147     
   7.4999999999999900E-002   10.413814287731260     
   7.9999999999999349E-002   10.424077963396654     
   8.4999999999998799E-002   10.434159709753606     
   8.9999999999998248E-002   10.444064372029267     
   9.4999999999997697E-002   10.453796586697248     
   9.9999999999997147E-002   10.463360797901139     
  0.10499999999999660        10.472761271599516     
  0.10999999999999605        10.482002107886855     
  0.11499999999999549        10.491087251833086     
  0.11999999999999494        10.500020503104009     
  0.12499999999999439        10.508805524566643     
  0.12999999999999384        10.517445850040055     
  0.13499999999999329        10.525944891319298     
  0.13999999999999274        10.534305944575973     
  0.14499999999999219        10.542532196219147     
  0.14999999999999164        10.550626728285827     
  0.15499999999999109        10.558592523418135     
  0.15999999999999054        10.566432469475160     
  0.16499999999998999        10.574149363820222     
  0.16999999999998944        10.581745917317461     
  0.17499999999998889        10.589224758067603     
  0.17999999999998834        10.596588434907895     
  0.18499999999998779        10.603839420698355     
  0.18999999999998723        10.610980115413433     
  0.19499999999998668        10.618012849055894     
  0.19999999999998613        10.624939884407469     
  0.20499999999998558        10.631763419629824     
  0.20999999999998503        10.638485590726955     
  0.21499999999998448        10.645108473879624     
  0.21999999999998393        10.651634087661396     
  0.22499999999998338        10.658064395144045     
  0.22999999999998283        10.664401305900499     
  0.23499999999998228        10.670646677911954     
  0.23999999999998173        10.676802319385123     
  0.24499999999998118        10.682869990485935     
  0.24999999999998063        10.688851404994134     
  0.25499999999998008        10.694748231884082     
  0.25999999999997953        10.700562096835943     
  0.26499999999997897        10.706294583681332     
  0.26999999999997842        10.711947235787068     
  0.27499999999997787        10.717521557380497     
  0.27999999999997732        10.723019014819689     
  0.28499999999997677        10.728441037811248     
  0.28999999999997622        10.733789020578852     
  0.29499999999997567        10.739064322984500     
  0.29999999999997512        10.744268271605611     
  0.30499999999997457        10.749402160769483     
  0.30999999999997402        10.754467253547819     
  0.31499999999997347        10.759464782712875     
  0.31999999999997292        10.764395951657125     
  0.32499999999997237        10.769261935278344     
  0.32999999999997182        10.774063880831635     
  0.33499999999997127        10.778802908749938     
  0.33999999999997071        10.783480113434372     
  0.34499999999997016        10.788096564015905     
  0.34999999999996961        10.792653305089598     
  0.35499999999996906        10.797151357422562     
  0.35999999999996851        10.801591718636876     
  0.36499999999996796        10.805975363868463     
  0.36999999999996741        10.810303246403061     
  0.37499999999996686        10.814576298289991     
  0.37999999999996631        10.818795430935209     
  0.38499999999996576        10.822961535673745     
  0.38999999999996521        10.827075484323080     
  0.39499999999996466        10.831138129717717     
  0.39999999999996411        10.835150306226151     
  0.40499999999996356        10.839112830250475     
  0.40999999999996301        10.843026500709815     
  0.41499999999996245        10.846892099507684     
  0.41999999999996190        10.850710391984428     
  0.42499999999996135        10.854482127354954     
  0.42999999999996080        10.858208039132450     
  0.43499999999996025        10.861888845538660     
  0.43999999999995970        10.865525249901188     
  0.44499999999995915        10.869117941038247     
  0.44999999999995860        10.872667593631501     
  0.45499999999995805        10.876174868587237     
  0.45999999999995750        10.879640413386474     
  0.46499999999995695        10.883064862424213     
  0.46999999999995640        10.886448837338483     
  0.47499999999995585        10.889792947329457     
  0.47999999999995530        10.893097789468621     
  0.48499999999995475        10.896363948999117     
  0.48999999999995419        10.899591999626795     
  0.49499999999995364        10.902782503802797     
  0.49999999999995309        10.905936012997852     
  0.50499999999995260        10.909053067968443     
  0.50999999999995205        10.912134199015153     
  0.51499999999995150        10.915179926233682     
  0.51999999999995095        10.918190759758605     
  0.52499999999995040        10.921167199999967     
  0.52999999999994984        10.924109737873298     
  0.53499999999994929        10.927018855023032     
  0.53999999999994874        10.929895024039658     
  0.54499999999994819        10.932738708670703     
  0.54999999999994764        10.935550364025886     
  0.55499999999994709        10.938330436776411     
  0.55999999999994654        10.941079365349001     
  0.56499999999994599        10.943797580114445     
  0.56999999999994544        10.946485503570885     
  0.57499999999994489        10.949143550522273     
  0.57999999999994434        10.951772128251847     
  0.58499999999994379        10.954371636691029     
  0.58999999999994324        10.956942468583733     
  0.59499999999994269        10.959485009646329     
  0.59999999999994214        10.961999638723194     
  0.60499999999994158        10.964486727938272     
  0.60999999999994103        10.966946642842652     
  0.61499999999994048        10.969379742558205     
  0.61999999999993993        10.971786379917461     
  0.62499999999993938        10.974166901599958     
  0.62999999999993883        10.976521648264789     
  0.63499999999993828        10.978850954680132     
  0.63999999999993773        10.981155149849073     
  0.64499999999993718        10.983434557132405     
  0.64999999999993663        10.985689494368357     
  0.65499999999993608        10.987920273989053     
  0.65999999999993553        10.990127203134316     
  0.66499999999993498        10.992310583762341     
  0.66999999999993443        10.994470712757998     
  0.67499999999993388        10.996607882037839     
  0.67999999999993332        10.998722378653003     
  0.68499999999993277        11.000814484889489     
  0.68999999999993222        11.002884478365775     
  0.69499999999993167        11.004932632128178     
  0.69999999999993112        11.006959214743965     
  0.70499999999993057        11.008964490392012     
  0.70999999999993002        11.010948718951347     
  0.71499999999992947        11.012912156087648     
  0.71999999999992892        11.014855053337611     
  0.72499999999992837        11.016777658191252     
  0.72999999999992782        11.018680214172319     
  0.73499999999992727        11.020562960916699     
  0.73999999999992672        11.022426134249153     
  0.74499999999992617        11.024269966258096     
  0.74999999999992562        11.026094685368570     
  0.75499999999992506        11.027900516413840     
  0.75999999999992451        11.029687680704827     
  0.76499999999992396        11.031456396098376     
  0.76999999999992341        11.033206877063792     
  0.77499999999992286        11.034939334747811     
  0.77999999999992231        11.036653977038041     
  0.78499999999992176        11.038351008625108     
  0.78999999999992121        11.040030631063274     
  0.79499999999992066        11.041693042829765     
  0.79999999999992011        11.043338439382669     
  0.80499999999991956        11.044967013217581     
  0.80999999999991901        11.046578953923081     
  0.81499999999991846        11.048174448234720     
  0.81999999999991791        11.049753680088063     
  0.82499999999991735        11.051316830670585     
  0.82999999999991680        11.052864078471996     
  0.83499999999991625        11.054395599334097     
  0.83999999999991570        11.055911566498981     
  0.84499999999991515        11.057412150656543     
  0.84999999999991460        11.058897519990774     
  0.85499999999991405        11.060367840225112     
  0.85999999999991350        11.061823274666946     
  0.86499999999991295        11.063263984250854     
  0.86999999999991240        11.064690127581187     
  0.87499999999991185        11.066101860973655     
  0.87999999999991130        11.067499338496010     
  0.88499999999991075        11.068882712007882     
  0.88999999999991020        11.070252131199897     
  0.89499999999990965        11.071607743631592     
  0.89999999999990909        11.072949694769056     
  0.90499999999990854        11.074278128021451     
  0.90999999999990799        11.075593184776782     
  0.91499999999990744        11.076895004436988     
  0.91999999999990689        11.078183724452494     
  0.92499999999990634        11.079459480355681     
  0.92999999999990579        11.080722405793868     
  0.93499999999990524        11.081972632561666     
  0.93999999999990469        11.083210290632643     
  0.94499999999990414        11.084435508190239     
  0.94999999999990359        11.085648411658187     
  0.95499999999990304        11.086849125730261     
  0.95999999999990249        11.088037773399380     
  0.96499999999990194        11.089214475986246     
  0.96999999999990139        11.090379353167320     
  0.97499999999990083        11.091532523002195     
  0.97999999999990028        11.092674101960624     
  0.98499999999989973        11.093804204948810     
  0.98999999999989918        11.094922945335187     
  0.99499999999989863        11.096030434975864     
  0.99999999999989808        11.097126784239443     
   1.0049999999999086        11.095881250958515     
   1.0099999999999192        11.094662660086378     
   1.0149999999999297        11.093476020130367     
   1.0199999999999403        11.092314566146991     
   1.0249999999999508        11.091174399905805     
   1.0299999999999614        11.090052895274527     
   1.0349999999999719        11.088948126645958     
   1.0399999999999825        11.087858603670528     
   1.0449999999999930        11.086783128585319     
   1.0500000000000036        11.085720711600620     
   1.0550000000000141        11.084670517067343     
   1.0600000000000247        11.083631827358523     
   1.0650000000000353        11.082604017602291     
   1.0700000000000458        11.081586537400922     
   1.0750000000000564        11.080578897230897     
   1.0800000000000669        11.079580658086293     
   1.0850000000000775        11.078591423433762     
   1.0900000000000880        11.077610832854560     
   1.0950000000000986        11.076638556944394     
   1.1000000000001091        11.075674293167731     
   1.1050000000001197        11.074717762448556     
   1.1100000000001302        11.073768706337512     
   1.1150000000001408        11.072826884635447     
   1.1200000000001513        11.071892073383362     
   1.1250000000001619        11.070964063148873     
   1.1300000000001724        11.070042657555224     
   1.1350000000001830        11.069127672010517     
   1.1400000000001935        11.068218932603383     
   1.1450000000002041        11.067316275137872     
   1.1500000000002146        11.066419544286147     
   1.1550000000002252        11.065528592840691     
   1.1600000000002357        11.064643281051916     
   1.1650000000002463        11.063763476038504     
   1.1700000000002568        11.062889051261180     
   1.1750000000002674        11.062019886050749     
   1.1800000000002779        11.061155865183730     
   1.1850000000002885        11.060296878499861     
   1.1900000000002990        11.059442820555594     
   1.1950000000003096        11.058593590310103     
   1.2000000000003201        11.057749090839394     
   1.2050000000003307        11.056909229075730     
   1.2100000000003412        11.056073915569462     
   1.2150000000003518        11.055243064270821     
   1.2200000000003624        11.054416592329501     
   1.2250000000003729        11.053594419910393     
   1.2300000000003835        11.052776470023574     
   1.2350000000003940        11.051962668367638     
   1.2400000000004046        11.051152943184388     
   1.2450000000004151        11.050347225124389     
   1.2500000000004257        11.049545447122201     
   1.2550000000004362        11.048747544280278     
   1.2600000000004468        11.047953453761044     
   1.2650000000004573        11.047163114686036     
   1.2700000000004679        11.046376468042064     
   1.2750000000004784        11.045593456593243     
   1.2800000000004890        11.044814024798757     
   1.2850000000004995        11.044038118735685     
   1.2900000000005101        11.043265686026823     
   1.2950000000005206        11.042496675772629     
   1.3000000000005312        11.041731038487500     
   1.3050000000005417        11.040968726039457     
   1.3100000000005523        11.040209691593667     
   1.3150000000005628        11.039453889558906     
   1.3200000000005734        11.038701275537189     
   1.3250000000005839        11.037951806275968     
   1.3300000000005945        11.037205439623287     
   1.3350000000006050        11.036462134484889     
   1.3400000000006156        11.035721850783860     
   1.3450000000006261        11.034984549422269     
   1.3500000000006367        11.034250192244908     
   1.3550000000006472        11.033518742004622     
   1.3600000000006578        11.032790162329560     
   1.3650000000006683        11.032064417691878     
   1.3700000000006789        11.031341473378147     
   1.3750000000006894        11.030621295460973     
   1.3800000000007000        11.029903850772103     
   1.3850000000007106        11.029189106876583     
   1.3900000000007211        11.028477032048416     
   1.3950000000007317        11.027767595247013     
   1.4000000000007422        11.027060766094811     
   1.4050000000007528        11.026356514856051     
   1.4100000000007633        11.025654812416091     
   1.4150000000007739        11.024955630262083     
   1.4200000000007844        11.024258940464014     
   1.4250000000007950        11.023564715656910     
   1.4300000000008055        11.022872929023539     
   1.4350000000008161        11.022183554278037     
   1.4400000000008266        11.021496565649938     
   1.4450000000008372        11.020811937869126     
   1.4500000000008477        11.020129646151162     
   1.4550000000008583        11.019449666183254     
   1.4600000000008688        11.018771974110953     
   1.4650000000008794        11.018096546524987     
   1.4700000000008899        11.017423360448975     
   1.4750000000009005        11.016752393327382     
   1.4800000000009110        11.016083623014016     
   1.4850000000009216        11.015417027760822     
   1.4900000000009321        11.014752586207285     
   1.4950000000009427        11.014090277370114     
   1.5000000000009532        11.013430080633235     
   1.5050000000009638        11.012771975738225     
   1.5100000000009743        11.012115942775033     
   1.5150000000009849        11.011461962173115     
   1.5200000000009954        11.010810014692739     
   1.5250000000010060        11.010160081416666     
   1.5300000000010165        11.009512143742143     
   1.5350000000010271        11.008866183373064     
   1.5400000000010376        11.008222182312526     
   1.5450000000010482        11.007580122855419     
   1.5500000000010588        11.006939987581600     
   1.5550000000010693        11.006301759348899     
   1.5600000000010799        11.005665421286608     
   1.5650000000010904        11.005030956789113     
   1.5700000000011010        11.004398349509703     
   1.5750000000011115        11.003767583354511     
   1.5800000000011221        11.003138642476840     
   1.5850000000011326        11.002511511271488     
   1.5900000000011432        11.001886174369234     
   1.5950000000011537        11.001262616631641     
   1.6000000000011643        11.000640823145986     
   1.6050000000011748        11.000020779220078     
   1.6100000000011854        10.999402470377595     
   1.6150000000011959        10.998785882353298     
   1.6200000000012065        10.998171001088652     
   1.6250000000012170        10.997557812727212     
   1.6300000000012276        10.996946303610416     
   1.6350000000012381        10.996336460273449     
   1.6400000000012487        10.995728269441075     
   1.6450000000012592        10.995121718023823     
   1.6500000000012698        10.994516793114094     
   1.6550000000012803        10.993913481982490     
   1.6600000000012909        10.993311772074106     
   1.6650000000013014        10.992711651005026     
   1.6700000000013120        10.992113106558932     
   1.6750000000013225        10.991516126683793     
   1.6800000000013331        10.990920699488543     
   1.6850000000013436        10.990326813239907     
   1.6900000000013542        10.989734456359436     
   1.6950000000013647        10.989143617420364     
   1.7000000000013753        10.988554285144755     
   1.7050000000013859        10.987966448400721     
   1.7100000000013964        10.987380096199509     
   1.7150000000014070        10.986795217692892     
   1.7200000000014175        10.986211802170484     
   1.7250000000014281        10.985629839057230     
   1.7300000000014386        10.985049317910809     
   1.7350000000014492        10.984470228419298     
   1.7400000000014597        10.983892560398662     
   1.7450000000014703        10.983316303790584     
   1.7500000000014808        10.982741448659972     
   1.7550000000014914        10.982167985192971     
   1.7600000000015019        10.981595903694696     
   1.7650000000015125        10.981025194587053     
   1.7700000000015230        10.980455848406793     
   1.7750000000015336        10.979887855803460     
   1.7800000000015441        10.979321207537426     
   1.7850000000015547        10.978755894477946     
   1.7900000000015652        10.978191907601277     
   1.7950000000015758        10.977629237988873     
   1.8000000000015863        10.977067876825595     
   1.8050000000015969        10.976507815397959     
   1.8100000000016074        10.975949045092374     
   1.8150000000016180        10.975391557393481     
   1.8200000000016285        10.974835343882592     
   1.8250000000016391        10.974280396236022     
   1.8300000000016496        10.973726706223520     
   1.8350000000016602        10.973174265706778     
   1.8400000000016707        10.972623066637839     
   1.8450000000016813        10.972073101057816     
   1.8500000000016918        10.971524361095250     
   1.8550000000017024        10.970976838964816     
   1.8600000000017129        10.970430526965918     
   1.8650000000017235        10.969885417481386     
   1.8700000000017341        10.969341502976137     
   1.8750000000017446        10.968798775995849     
   1.8800000000017552        10.968257229165749     
   1.8850000000017657        10.967716855189325     
   1.8900000000017763        10.967177646847183     
   1.8950000000017868        10.966639596995766     
   1.9000000000017974        10.966102698566319     
   1.9050000000018079        10.965566944563641     
   1.9100000000018185        10.965032328065014     
   1.9150000000018290        10.964498842219079     
   1.9200000000018396        10.963966480244842     
   1.9250000000018501        10.963435235430504     
   1.9300000000018607        10.962905101132575     
   1.9350000000018712        10.962376070774759     
   1.9400000000018818        10.961848137846953     
   1.9450000000018923        10.961321295904352     
   1.9500000000019029        10.960795538566494     
   1.9550000000019134        10.960270859516244     
   1.9600000000019240        10.959747252498948     
   1.9650000000019345        10.959224711321516     
   1.9700000000019451        10.958703229851587     
   1.9750000000019556        10.958182802016504     
   1.9800000000019662        10.957663421802724     
   1.9850000000019767        10.957145083254741     
   1.9900000000019873        10.956627780474440     
   1.9950000000019978        10.956111507620163     
   2.0000000000020082        10.955596258906015     
   2.0050000000019965        10.955082028601113     
   2.0100000000019849        10.954568811028690     
   2.0150000000019732        10.954056600565478     
   2.0200000000019616        10.953545391640970     
   2.0250000000019499        10.953035178736611     
   2.0300000000019383        10.952525956385232     
   2.0350000000019266        10.952017719170161     
   2.0400000000019149        10.951510461724739     
   2.0450000000019033        10.951004178731557     
   2.0500000000018916        10.950498864921855     
   2.0550000000018800        10.949994515074758     
   2.0600000000018683        10.949491124016735     
   2.0650000000018567        10.948988686621021     
   2.0700000000018450        10.948487197806923     
   2.0750000000018334        10.947986652539203     
   2.0800000000018217        10.947487045827595     
   2.0850000000018101        10.946988372726027     
   2.0900000000017984        10.946490628332338     
   2.0950000000017868        10.945993807787469     
   2.1000000000017751        10.945497906275023     
   2.1050000000017635        10.945002919020711     
   2.1100000000017518        10.944508841291766     
   2.1150000000017402        10.944015668396531     
   2.1200000000017285        10.943523395683789     
   2.1250000000017168        10.943032018542347     
   2.1300000000017052        10.942541532400623     
   2.1350000000016935        10.942051932725942     
   2.1400000000016819        10.941563215024253     
   2.1450000000016702        10.941075374839528     
   2.1500000000016586        10.940588407753324     
   2.1550000000016469        10.940102309384418     
   2.1600000000016353        10.939617075388217     
   2.1650000000016236        10.939132701456337     
   2.1700000000016120        10.938649183316313     
   2.1750000000016003        10.938166516730945     
   2.1800000000015887        10.937684697498009     
   2.1850000000015770        10.937203721449826     
   2.1900000000015654        10.936723584452851     
   2.1950000000015537        10.936244282407246     
   2.2000000000015421        10.935765811246492     
   2.2050000000015304        10.935288166936981     
   2.2100000000015187        10.934811345477662     
   2.2150000000015071        10.934335342899599     
   2.2200000000014954        10.933860155265716     
   2.2250000000014838        10.933385778670321     
   2.2300000000014721        10.932912209238774     
   2.2350000000014605        10.932439443127079     
   2.2400000000014488        10.931967476521692     
   2.2450000000014372        10.931496305638968     
   2.2500000000014255        10.931025926724992     
   2.2550000000014139        10.930556336055121     
   2.2600000000014022        10.930087529933711     
   2.2650000000013906        10.929619504693788     
   2.2700000000013789        10.929152256696701     
   2.2750000000013673        10.928685782331851     
   2.2800000000013556        10.928220078016261     
   2.2850000000013440        10.927755140194543     
   2.2900000000013323        10.927290965338205     
   2.2950000000013207        10.926827549945669     
   2.3000000000013090        10.926364890541825     
   2.3050000000012973        10.925902983677776     
   2.3100000000012857        10.925441825930591     
   2.3150000000012740        10.924981413902922     
   2.3200000000012624        10.924521744222867     
   2.3250000000012507        10.924062813543555     
   2.3300000000012391        10.923604618542965     
   2.3350000000012274        10.923147155923630     
   2.3400000000012158        10.922690422412398     
   2.3450000000012041        10.922234414760091     
   2.3500000000011925        10.921779129741374     
   2.3550000000011808        10.921324564154448     
   2.3600000000011692        10.920870714820737     
   2.3650000000011575        10.920417578584726     
   2.3700000000011459        10.919965152313731     
   2.3750000000011342        10.919513432897565     
   2.3800000000011226        10.919062417248396     
   2.3850000000011109        10.918612102300489     
   2.3900000000010992        10.918162485009969     
   2.3950000000010876        10.917713562354534     
   2.4000000000010759        10.917265331333386     
   2.4050000000010643        10.916817788966847     
   2.4100000000010526        10.916370932296239     
   2.4150000000010410        10.915924758383678     
   2.4200000000010293        10.915479264311772     
   2.4250000000010177        10.915034447183535     
   2.4300000000010060        10.914590304122106     
   2.4350000000009944        10.914146832270546     
   2.4400000000009827        10.913704028791637     
   2.4450000000009711        10.913261890867734     
   2.4500000000009594        10.912820415700487     
   2.4550000000009478        10.912379600510748     
   2.4600000000009361        10.911939442538303     
   2.4650000000009245        10.911499939041757     
   2.4700000000009128        10.911061087298283     
   2.4750000000009011        10.910622884603427     
   2.4800000000008895        10.910185328270986     
   2.4850000000008778        10.909748415632823     
   2.4900000000008662        10.909312144038706     
   2.4950000000008545        10.908876510855995     
   2.5000000000008429        10.908441513469707     
   2.5050000000008312        10.908007149282170     
   2.5100000000008196        10.907573415712880     
   2.5150000000008079        10.907140310198422     
   2.5200000000007963        10.906707830192204     
   2.5250000000007846        10.906275973164320     
   2.5300000000007730        10.905844736601482     
   2.5350000000007613        10.905414118006764     
   2.5400000000007497        10.904984114899465     
   2.5450000000007380        10.904554724814981     
   2.5500000000007264        10.904125945304688     
   2.5550000000007147        10.903697773935637     
   2.5600000000007030        10.903270208290607     
   2.5650000000006914        10.902843245967869     
   2.5700000000006797        10.902416884580980     
   2.5750000000006681        10.901991121758764     
   2.5800000000006564        10.901565955145117     
   2.5850000000006448        10.901141382398860     
   2.5900000000006331        10.900717401193532     
   2.5950000000006215        10.900294009217388     
   2.6000000000006098        10.899871204173245     
   2.6050000000005982        10.899448983778260     
   2.6100000000005865        10.899027345763843     
   2.6150000000005749        10.898606287875568     
   2.6200000000005632        10.898185807872993     
   2.6250000000005516        10.897765903529589     
   2.6300000000005399        10.897346572632499     
   2.6350000000005283        10.896927812982637     
   2.6400000000005166        10.896509622394300     
   2.6450000000005049        10.896091998695258     
   2.6500000000004933        10.895674939726508     
   2.6550000000004816        10.895258443342179     
   2.6600000000004700        10.894842507409495     
   2.6650000000004583        10.894427129808578     
   2.6700000000004467        10.894012308432389     
   2.6750000000004350        10.893598041186570     
   2.6800000000004234        10.893184325989282     
   2.6850000000004117        10.892771160771316     
   2.6900000000004001        10.892358543475682     
   2.6950000000003884        10.891946472057738     
   2.7000000000003768        10.891534944485015     
   2.7050000000003651        10.891123958737008     
   2.7100000000003535        10.890713512805300     
   2.7150000000003418        10.890303604693187     
   2.7200000000003302        10.889894232415759     
   2.7250000000003185        10.889485393999779     
   2.7300000000003068        10.889077087483532     
   2.7350000000002952        10.888669310916779     
   2.7400000000002835        10.888262062360621     
   2.7450000000002719        10.887855339887425     
   2.7500000000002602        10.887449141580696     
   2.7550000000002486        10.887043465535083     
   2.7600000000002369        10.886638309856073     
   2.7650000000002253        10.886233672660181     
   2.7700000000002136        10.885829552074641     
   2.7750000000002020        10.885425946237419     
   2.7800000000001903        10.885022853297111     
   2.7850000000001787        10.884620271412816     
   2.7900000000001670        10.884218198754082     
   2.7950000000001554        10.883816633500830     
   2.8000000000001437        10.883415573843225     
   2.8050000000001321        10.883015017981691     
   2.8100000000001204        10.882614964126708     
   2.8150000000001087        10.882215410498814     
   2.8200000000000971        10.881816355328411     
   2.8250000000000854        10.881417796855859     
   2.8300000000000738        10.881019733331234     
   2.8350000000000621        10.880622163014378     
   2.8400000000000505        10.880225084174684     
   2.8450000000000388        10.879828495091175     
   2.8500000000000272        10.879432394052277     
   2.8550000000000155        10.879036779355912     
   2.8600000000000039        10.878641649309225     
   2.8649999999999922        10.878247002228658     
   2.8699999999999806        10.877852836439812     
   2.8749999999999689        10.877459150277449     
   2.8799999999999573        10.877065942085297     
   2.8849999999999456        10.876673210216087     
   2.8899999999999340        10.876280953031429     
   2.8949999999999223        10.875889168901749     
   2.8999999999999106        10.875497856206273     
   2.9049999999998990        10.875107013332803     
   2.9099999999998873        10.874716638677906     
   2.9149999999998757        10.874326730646581     
   2.9199999999998640        10.873937287652401     
   2.9249999999998524        10.873548308117321     
   2.9299999999998407        10.873159790471643     
   2.9349999999998291        10.872771733154005     
   2.9399999999998174        10.872384134611215     
   2.9449999999998058        10.871996993298280     
   2.9499999999997941        10.871610307678319     
   2.9549999999997825        10.871224076222534     
   2.9599999999997708        10.870838297410032     
   2.9649999999997592        10.870452969727854     
   2.9699999999997475        10.870068091670946     
   2.9749999999997359        10.869683661742032     
   2.9799999999997242        10.869299678451613     
   2.9849999999997125        10.868916140317834     
   2.9899999999997009        10.868533045866464     
   2.9949999999996892        10.868150393630911     
   2.9999999999996776        10.867768182152034     
   3.0049999999996659        10.867386409978224     
   3.0099999999996543        10.867005075665167     
   3.0149999999996426        10.866624177776059     
   3.0199999999996310        10.866243714881232     
   3.0249999999996193        10.865863685558345     
   3.0299999999996077        10.865484088392261     
   3.0349999999995960        10.865104921974945     
   3.0399999999995844        10.864726184905471     
   3.0449999999995727        10.864347875789926     
   3.0499999999995611        10.863969993241449     
   3.0549999999995494        10.863592535880022     
   3.0599999999995378        10.863215502332558     
   3.0649999999995261        10.862838891232796     
   3.0699999999995145        10.862462701221263     
   3.0749999999995028        10.862086930945214     
   3.0799999999994911        10.861711579058600     
   3.0849999999994795        10.861336644221987     
   3.0899999999994678        10.860962125102592     
   3.0949999999994562        10.860588020374133     
   3.0999999999994445        10.860214328716877     
   3.1049999999994329        10.859841048817453     
   3.1099999999994212        10.859468179368946     
   3.1149999999994096        10.859095719070892     
   3.1199999999993979        10.858723666628995     
   3.1249999999993863        10.858352020755303     
   3.1299999999993746        10.857980780168120     
   3.1349999999993630        10.857609943591871     
   3.1399999999993513        10.857239509757203     
   3.1449999999993397        10.856869477400862     
   3.1499999999993280        10.856499845265530     
   3.1549999999993164        10.856130612100040     
   3.1599999999993047        10.855761776659170     
   3.1649999999992930        10.855393337703568     
   3.1699999999992814        10.855025293999825     
   3.1749999999992697        10.854657644320397     
   3.1799999999992581        10.854290387443548     
   3.1849999999992464        10.853923522153258     
   3.1899999999992348        10.853557047239335     
   3.1949999999992231        10.853190961497219     
   3.1999999999992115        10.852825263728013     
   3.2049999999991998        10.852459952738396     
   3.2099999999991882        10.852095027340710     
   3.2149999999991765        10.851730486352812     
   3.2199999999991649        10.851366328598049     
   3.2249999999991532        10.851002552905232     
   3.2299999999991416        10.850639158108608     
   3.2349999999991299        10.850276143047815     
   3.2399999999991183        10.849913506567832     
   3.2449999999991066        10.849551247519029     
   3.2499999999990949        10.849189364757006     
   3.2549999999990833        10.848827857142631     
   3.2599999999990716        10.848466723541987     
   3.2649999999990600        10.848105962826288     
   3.2699999999990483        10.847745573871995     
   3.2749999999990367        10.847385555560614     
   3.2799999999990250        10.847025906778740     
   3.2849999999990134        10.846666626418054     
   3.2899999999990017        10.846307713375218     
   3.2949999999989901        10.845949166551909     
   3.2999999999989784        10.845590984854706     
   3.3049999999989668        10.845233167195115     
   3.3099999999989551        10.844875712489559     
   3.3149999999989435        10.844518619659274     
   3.3199999999989318        10.844161887630351     
   3.3249999999989202        10.843805515333711     
   3.3299999999989085        10.843449501704947     
   3.3349999999988968        10.843093845684381     
   3.3399999999988852        10.842738546217142     
   3.3449999999988735        10.842383602252948     
   3.3499999999988619        10.842029012746176     
   3.3549999999988502        10.841674776655788     
   3.3599999999988386        10.841320892945355     
   3.3649999999988269        10.840967360583003     
   3.3699999999988153        10.840614178541363     
   3.3749999999988036        10.840261345797595     
   3.3799999999987920        10.839908861333241     
   3.3849999999987803        10.839556724134379     
   3.3899999999987687        10.839204933191425     
   3.3949999999987570        10.838853487499243     
   3.3999999999987454        10.838502386056987     
   3.4049999999987337        10.838151627868214     
   3.4099999999987221        10.837801211940713     
   3.4149999999987104        10.837451137286539     
   3.4199999999986987        10.837101402922061     
   3.4249999999986871        10.836752007867817     
   3.4299999999986754        10.836402951148580     
   3.4349999999986638        10.836054231793234     
   3.4399999999986521        10.835705848834879     
   3.4449999999986405        10.835357801310666     
   3.4499999999986288        10.835010088261868     
   3.4549999999986172        10.834662708733815     
   3.4599999999986055        10.834315661775934     
   3.4649999999985939        10.833968946441578     
   3.4699999999985822        10.833622561788140     
   3.4749999999985706        10.833276506877020     
   3.4799999999985589        10.832930780773456     
   3.4849999999985473        10.832585382546743     
   3.4899999999985356        10.832240311269986     
   3.4949999999985240        10.831895566020156     
   3.4999999999985123        10.831551145878118     
   3.5049999999985006        10.831207049928585     
   3.5099999999984890        10.830863277259972     
   3.5149999999984773        10.830519826964592     
   3.5199999999984657        10.830176698138455     
   3.5249999999984540        10.829833889881302     
   3.5299999999984424        10.829491401296611     
   3.5349999999984307        10.829149231491533     
   3.5399999999984191        10.828807379576915     
   3.5449999999984074        10.828465844667228     
   3.5499999999983958        10.828124625880616     
   3.5549999999983841        10.827783722338753     
   3.5599999999983725        10.827443133166939     
   3.5649999999983608        10.827102857494046     
   3.5699999999983492        10.826762894452473     
   3.5749999999983375        10.826423243178112     
   3.5799999999983259        10.826083902810453     
   3.5849999999983142        10.825744872492342     
   3.5899999999983025        10.825406151370146     
   3.5949999999982909        10.825067738593699     
   3.5999999999982792        10.824729633316197     
   3.6049999999982676        10.824391834694298     
   3.6099999999982559        10.824054341887969     
   3.6149999999982443        10.823717154060549     
   3.6199999999982326        10.823380270378809     
   3.6249999999982210        10.823043690012771     
   3.6299999999982093        10.822707412135726     
   3.6349999999981977        10.822371435924310     
   3.6399999999981860        10.822035760558373     
   3.6449999999981744        10.821700385221076     
   3.6499999999981627        10.821365309098756     
   3.6549999999981511        10.821030531380966     
   3.6599999999981394        10.820696051260493     
   3.6649999999981278        10.820361867933254     
   3.6699999999981161        10.820027980598335     
   3.6749999999981044        10.819694388457922     
   3.6799999999980928        10.819361090717397     
   3.6849999999980811        10.819028086585194     
   3.6899999999980695        10.818695375272807     
   3.6949999999980578        10.818362955994848     
   3.6999999999980462        10.818030827968963     
   3.7049999999980345        10.817698990415831     
   3.7099999999980229        10.817367442559169     
   3.7149999999980112        10.817036183625630     
   3.7199999999979996        10.816705212844916     
   3.7249999999979879        10.816374529449643     
   3.7299999999979763        10.816044132675387     
   3.7349999999979646        10.815714021760698     
   3.7399999999979530        10.815384195947003     
   3.7449999999979413        10.815054654478665     
   3.7499999999979297        10.814725396602903     
   3.7549999999979180        10.814396421569773     
   3.7599999999979064        10.814067728632292     
   3.7649999999978947        10.813739317046181     
   3.7699999999978830        10.813411186070077     
   3.7749999999978714        10.813083334965381     
   3.7799999999978597        10.812755762996275     
   3.7849999999978481        10.812428469429774     
   3.7899999999978364        10.812101453535622     
   3.7949999999978248        10.811774714586274     
   3.7999999999978131        10.811448251856950     
   3.8049999999978015        10.811122064625581     
   3.8099999999977898        10.810796152172811     
   3.8149999999977782        10.810470513781970     
   3.8199999999977665        10.810145148739025     
   3.8249999999977549        10.809820056332700     
   3.8299999999977432        10.809495235854193     
   3.8349999999977316        10.809170686597461     
   3.8399999999977199        10.808846407859047     
   3.8449999999977083        10.808522398938138     
   3.8499999999976966        10.808198659136444     
   3.8549999999976849        10.807875187758235     
   3.8599999999976733        10.807551984110351     
   3.8649999999976616        10.807229047502247     
   3.8699999999976500        10.806906377245886     
   3.8749999999976383        10.806583972655698     
   3.8799999999976267        10.806261833048650     
   3.8849999999976150        10.805939957744219     
   3.8899999999976034        10.805618346064341     
   3.8949999999975917        10.805296997333443     
   3.8999999999975801        10.804975910878397     
   3.9049999999975684        10.804655086028452     
   3.9099999999975568        10.804334522115379     
   3.9149999999975451        10.804014218473316     
   3.9199999999975335        10.803694174438851     
   3.9249999999975218        10.803374389350902     
   3.9299999999975102        10.803054862550743     
   3.9349999999974985        10.802735593382133     
   3.9399999999974868        10.802416581191062     
   3.9449999999974752        10.802097825325951     
   3.9499999999974635        10.801779325137478     
   3.9549999999974519        10.801461079978710     
   3.9599999999974402        10.801143089204965     
   3.9649999999974286        10.800825352173868     
   3.9699999999974169        10.800507868245319     
   3.9749999999974053        10.800190636781506     
   3.9799999999973936        10.799873657146879     
   3.9849999999973820        10.799556928708165     
   3.9899999999973703        10.799240450834224     
   3.9949999999973587        10.798924222896201     
   3.9999999999973470        10.798608244267491     
   4.0049999999973354        10.798292514323604     
   4.0099999999973237        10.797977032442338     
   4.0149999999973121        10.797661798003622     
   4.0199999999973004        10.797346810389534     
   4.0249999999972887        10.797032068984317     
   4.0299999999972771        10.796717573174416     
   4.0349999999972654        10.796403322348317     
   4.0399999999972538        10.796089315896740     
   4.0449999999972421        10.795775553212453     
   4.0499999999972305        10.795462033690304     
   4.0549999999972188        10.795148756727313     
   4.0599999999972072        10.794835721722510     
   4.0649999999971955        10.794522928077059     
   4.0699999999971839        10.794210375194130     
   4.0749999999971722        10.793898062478926     
   4.0799999999971606        10.793585989338824     
   4.0849999999971489        10.793274155183081     
   4.0899999999971373        10.792962559423053     
   4.0949999999971256        10.792651201472097     
   4.0999999999971140        10.792340080745596     
   4.1049999999971023        10.792029196660859     
   4.1099999999970906        10.791718548637231     
   4.1149999999970790        10.791408136096027     
   4.1199999999970673        10.791097958460508     
   4.1249999999970557        10.790788015155856     
   4.1299999999970440        10.790478305609273     
   4.1349999999970324        10.790168829249838     
   4.1399999999970207        10.789859585508605     
   4.1449999999970091        10.789550573818463     
   4.1499999999969974        10.789241793614279     
   4.1549999999969858        10.788933244332801     
   4.1599999999969741        10.788624925412666     
   4.1649999999969625        10.788316836294355     
   4.1699999999969508        10.788008976420292     
   4.1749999999969392        10.787701345234666     
   4.1799999999969275        10.787393942183556     
   4.1849999999969159        10.787086766714969     
   4.1899999999969042        10.786779818278616     
   4.1949999999968925        10.786473096326079     
   4.1999999999968809        10.786166600310791     
   4.2049999999968692        10.785860329687971     
   4.2099999999968576        10.785554283914616     
   4.2149999999968459        10.785248462449546     
   4.2199999999968343        10.784942864753353     
   4.2249999999968226        10.784637490288404     
   4.2299999999968110        10.784332338518828     
   4.2349999999967993        10.784027408910513     
   4.2399999999967877        10.783722700931085     
   4.2449999999967760        10.783418214049956     
   4.2499999999967644        10.783113947738165     
   4.2549999999967527        10.782809901468585     
   4.2599999999967411        10.782506074715766     
   4.2649999999967294        10.782202466955962     
   4.2699999999967178        10.781899077667113     
   4.2749999999967061        10.781595906328919     
   4.2799999999966944        10.781292952422669     
   4.2849999999966828        10.780990215431386     
   4.2899999999966711        10.780687694839774     
   4.2949999999966595        10.780385390134104     
   4.2999999999966478        10.780083300802414     
   4.3049999999966362        10.779781426334365     
   4.3099999999966245        10.779479766221206     
   4.3149999999966129        10.779178319955854     
   4.3199999999966012        10.778877087032825     
   4.3249999999965896        10.778576066948284     
   4.3299999999965779        10.778275259199960     
   4.3349999999965663        10.777974663287242     
   4.3399999999965546        10.777674278711087     
   4.3449999999965430        10.777374104973999     
   4.3499999999965313        10.777074141580114     
   4.3549999999965197        10.776774388035115     
   4.3599999999965080        10.776474843846218     
   4.3649999999964963        10.776175508522291     
   4.3699999999964847        10.775876381573672     
   4.3749999999964730        10.775577462512233     
   4.3799999999964614        10.775278750851438     
   4.3849999999964497        10.774980246106251     
   4.3899999999964381        10.774681947793164     
   4.3949999999964264        10.774383855430207     
   4.3999999999964148        10.774085968536870     
   4.4049999999964031        10.773788286634188     
   4.4099999999963915        10.773490809244670     
   4.4149999999963798        10.773193535892320     
   4.4199999999963682        10.772896466102639     
   4.4249999999963565        10.772599599402570     
   4.4299999999963449        10.772302935320518     
   4.4349999999963332        10.772006473386405     
   4.4399999999963216        10.771710213131559     
   4.4449999999963099        10.771414154088804     
   4.4499999999962982        10.771118295792382     
   4.4549999999962866        10.770822637777901     
   4.4599999999962749        10.770527179582572     
   4.4649999999962633        10.770231920744902     
   4.4699999999962516        10.769936860804805     
   4.4749999999962400        10.769641999303659     
   4.4799999999962283        10.769347335784227     
   4.4849999999962167        10.769052869790697     
   4.4899999999962050        10.768758600868626     
   4.4949999999961934        10.768464528564961     
   4.4999999999961817        10.768170652428022     
   4.5049999999961701        10.767876972007503     
   4.5099999999961584        10.767583486854496     
   4.5149999999961468        10.767290196521410     
   4.5199999999961351        10.766997100562090     
   4.5249999999961235        10.766704198531619     
   4.5299999999961118        10.766411489986512     
   4.5349999999961002        10.766118974484614     
   4.5399999999960885        10.765826651585067     
   4.5449999999960768        10.765534520848377     
   4.5499999999960652        10.765242581836386     
   4.5549999999960535        10.764950834112183     
   4.5599999999960419        10.764659277240224     
   4.5649999999960302        10.764367910786225     
   4.5699999999960186        10.764076734317278     
   4.5749999999960069        10.763785747401702     
   4.5799999999959953        10.763494949609179     
   4.5849999999959836        10.763204340510562     
   4.5899999999959720        10.762913919678088     
   4.5949999999959603        10.762623686685206     
   4.5999999999959487        10.762333641106670     
   4.6049999999959370        10.762043782518440     
   4.6099999999959254        10.761754110497778     
   4.6149999999959137        10.761464624623192     
   4.6199999999959021        10.761175324474429     
   4.6249999999958904        10.760886209632506     
   4.6299999999958787        10.760597279679615     
   4.6349999999958671        10.760308534199279     
   4.6399999999958554        10.760019972776114     
   4.6449999999958438        10.759731594996028     
   4.6499999999958321        10.759443400446170     
   4.6549999999958205        10.759155388714829     
   4.6599999999958088        10.758867559391561     
   4.6649999999957972        10.758579912067093     
   4.6699999999957855        10.758292446333336     
   4.6749999999957739        10.758005161783430     
   4.6799999999957622        10.757718058011696     
