   4.9999999999999975E-003   10.234460088049934     
   9.9999999999999672E-003   10.235236035563101     
   1.4999999999999937E-002   10.236006393823555     
   2.0000000000000059E-002   10.236772139978317     
   2.5000000000000203E-002   10.237533838883721     
   3.0000000000000346E-002   10.238291872174580     
   3.5000000000000489E-002   10.239046520513039     
   4.0000000000000632E-002   10.239798001790177     
   4.5000000000000775E-002   10.240546491681746     
   5.0000000000000919E-002   10.241292135842739     
   5.5000000000001062E-002   10.242035057668055     
   6.0000000000001205E-002   10.242775363500481     
   6.5000000000001001E-002   10.243513146274948     
   7.0000000000000451E-002   10.244248488155517     
   7.4999999999999900E-002   10.244981462497725     
   7.9999999999999349E-002   10.245712135343108     
   8.4999999999998799E-002   10.246440566580512     
   8.9999999999998248E-002   10.247166810863972     
   9.4999999999997697E-002   10.247890918349189     
   9.9999999999997147E-002   10.248612935292270     
  0.10499999999999660        10.249332904542287     
  0.10999999999999605        10.250050865950548     
  0.11499999999999549        10.250766856714076     
  0.11999999999999494        10.251480911666231     
  0.12499999999999439        10.252193063524373     
  0.12999999999999384        10.252903343102661     
  0.13499999999999329        10.253611779495859     
  0.13999999999999274        10.254318400239171     
  0.14499999999999219        10.255023231447886     
  0.14999999999999164        10.255726297940006     
  0.15499999999999109        10.256427623344665     
  0.15999999999999054        10.257127230197964     
  0.16499999999998999        10.257825140028361     
  0.16999999999998944        10.258521373433094     
  0.17499999999998889        10.259215950146453     
  0.17999999999998834        10.259908889101414     
  0.18499999999998779        10.260600208485108     
  0.18999999999998723        10.261289925789054     
  0.19499999999998668        10.261978057854819     
  0.19999999999998613        10.262664620915469     
  0.20499999999998558        10.263349630633412     
  0.20999999999998503        10.264033102135034     
  0.21499999999998448        10.264715050042442     
  0.21999999999998393        10.265395488502552     
  0.22499999999998338        10.266074431213944     
  0.22999999999998283        10.266751891451518     
  0.23499999999998228        10.267427882089416     
  0.23999999999998173        10.268102415622142     
  0.24499999999998118        10.268775504184068     
  0.24999999999998063        10.269447159567783     
  0.25499999999998008        10.270117393240854     
  0.25999999999997953        10.270786216361659     
  0.26499999999997897        10.271453639794128     
  0.26999999999997842        10.272119674121397     
  0.27499999999997787        10.272784329658693     
  0.27999999999997732        10.273447616465290     
  0.28499999999997677        10.274109544355913     
  0.28999999999997622        10.274770122911146     
  0.29499999999997567        10.275429361487483     
  0.29999999999997512        10.276087269226670     
  0.30499999999997457        10.276743855064504     
  0.30999999999997402        10.277399127739164     
  0.31499999999997347        10.278053095798985     
  0.31999999999997292        10.278705767609905     
  0.32499999999997237        10.279357151362465     
  0.32999999999997182        10.280007255078440     
  0.33499999999997127        10.280656086617087     
  0.33999999999997071        10.281303653681082     
  0.34499999999997016        10.281949963822210     
  0.34999999999996961        10.282595024446621     
  0.35499999999996906        10.283238842820134     
  0.35999999999996851        10.283881426072785     
  0.36499999999996796        10.284522781203695     
  0.36999999999996741        10.285162915085275     
  0.37499999999996686        10.285801834467479     
  0.37999999999996631        10.286439545981832     
  0.38499999999996576        10.287076056145084     
  0.38999999999996521        10.287711371363084     
  0.39499999999996466        10.288345497933992     
  0.39999999999996411        10.288978442051759     
  0.40499999999996356        10.289610209809211     
  0.40999999999996301        10.290240807201181     
  0.41499999999996245        10.290870240127257     
  0.41999999999996190        10.291498514394762     
  0.42499999999996135        10.292125635721307     
  0.42999999999996080        10.292751609737362     
  0.43499999999996025        10.293376441988677     
  0.43999999999995970        10.294000137938770     
  0.44499999999995915        10.294622702971084     
  0.44999999999995860        10.295244142391137     
  0.45499999999995805        10.295864461428753     
  0.45999999999995750        10.296483665239903     
  0.46499999999995695        10.297101758908765     
  0.46999999999995640        10.297718747449640     
  0.47499999999995585        10.298334635808517     
  0.47999999999995530        10.298949428865045     
  0.48499999999995475        10.299563131434088     
  0.48999999999995419        10.300175748267295     
  0.49499999999995364        10.300787284054820     
  0.49999999999995309        10.301397743426604     
  0.50499999999995260        10.302007130953958     
  0.50999999999995205        10.302615451150926     
  0.51499999999995150        10.303222708475655     
  0.51999999999995095        10.303828907331670     
  0.52499999999995040        10.304434052069059     
  0.52999999999994984        10.305038146985858     
  0.53499999999994929        10.305641196329168     
  0.53999999999994874        10.306243204296131     
  0.54499999999994819        10.306844175035312     
  0.54999999999994764        10.307444112647556     
  0.55499999999994709        10.308043021187077     
  0.55999999999994654        10.308640904662555     
  0.56499999999994599        10.309237767037942     
  0.56999999999994544        10.309833612233577     
  0.57499999999994489        10.310428444126959     
  0.57999999999994434        10.311022266553680     
  0.58499999999994379        10.311615083308345     
  0.58999999999994324        10.312206898145316     
  0.59499999999994269        10.312797714779565     
  0.59999999999994214        10.313387536887449     
  0.60499999999994158        10.313976368107499     
  0.60999999999994103        10.314564212041164     
  0.61499999999994048        10.315151072253434     
  0.61999999999993993        10.315736952273735     
  0.62499999999993938        10.316321855596396     
  0.62999999999993883        10.316905785681426     
  0.63499999999993828        10.317488745955187     
  0.63999999999993773        10.318070739810967     
  0.64499999999993718        10.318651770609506     
  0.64999999999993663        10.319231841679843     
  0.65499999999993608        10.319810956319570     
  0.65999999999993553        10.320389117795665     
  0.66499999999993498        10.320966329344875     
  0.66999999999993443        10.321542594174371     
  0.67499999999993388        10.322117915462110     
  0.67999999999993332        10.322692296357570     
  0.68499999999993277        10.323265739981949     
  0.68999999999993222        10.323838249428949     
  0.69499999999993167        10.324409827765027     
  0.69999999999993112        10.324980478029953     
  0.70499999999993057        10.325550203237228     
  0.70999999999993002        10.326119006374546     
  0.71499999999992947        10.326686890404185     
  0.71999999999992892        10.327253858263431     
  0.72499999999992837        10.327819912865040     
  0.72999999999992782        10.328385057097492     
  0.73499999999992727        10.328949293825533     
  0.73999999999992672        10.329512625890459     
  0.74499999999992617        10.330075056110562     
  0.74999999999992562        10.330636587281427     
  0.75499999999992506        10.331197222176227     
  0.75999999999992451        10.331756963546209     
  0.76499999999992396        10.332315814120937     
  0.76999999999992341        10.332873776608668     
  0.77499999999992286        10.333430853696617     
  0.77999999999992231        10.333987048051297     
  0.78499999999992176        10.334542362318871     
  0.78999999999992121        10.335096799125404     
  0.79499999999992066        10.335650361077121     
  0.79999999999992011        10.336203050760806     
  0.80499999999991956        10.336754870743981     
  0.80999999999991901        10.337305823575216     
  0.81499999999991846        10.337855911784423     
  0.81999999999991791        10.338405137883061     
  0.82499999999991735        10.338953504364483     
  0.82999999999991680        10.339501013704066     
  0.83499999999991625        10.340047668359626     
  0.83999999999991570        10.340593470771495     
  0.84499999999991515        10.341138423362878     
  0.84999999999991460        10.341682528539971     
  0.85499999999991405        10.342225788692330     
  0.85999999999991350        10.342768206193021     
  0.86499999999991295        10.343309783398773     
  0.86999999999991240        10.343850522650344     
  0.87499999999991185        10.344390426272541     
  0.87999999999991130        10.344929496574650     
  0.88499999999991075        10.345467735850482     
  0.88999999999991020        10.346005146378577     
  0.89499999999990965        10.346541730422498     
  0.89999999999990909        10.347077490230900     
  0.90499999999990854        10.347612428037804     
  0.90999999999990799        10.348146546062793     
  0.91499999999990744        10.348679846511128     
  0.91999999999990689        10.349212331573913     
  0.92499999999990634        10.349744003428381     
  0.92999999999990579        10.350274864237923     
  0.93499999999990524        10.350804916152388     
  0.93999999999990469        10.351334161308156     
  0.94499999999990414        10.351862601828319     
  0.94999999999990359        10.352390239822890     
  0.95499999999990304        10.352917077388943     
  0.95999999999990249        10.353443116610594     
  0.96499999999990194        10.353968359559474     
  0.96999999999990139        10.354492808294614     
  0.97499999999990083        10.355016464862713     
  0.97999999999990028        10.355539331298239     
  0.98499999999989973        10.356061409623603     
  0.98999999999989918        10.356582701849209     
  0.99499999999989863        10.357103209973697     
  0.99999999999989808        10.357622935984089     
   1.0049999999999086        10.358141881855779     
   1.0099999999999192        10.358660049552764     
   1.0149999999999297        10.359177441027731     
   1.0199999999999403        10.359694058222301     
   1.0249999999999508        10.360209903066972     
   1.0299999999999614        10.360724977481334     
   1.0349999999999719        10.361239283374193     
   1.0399999999999825        10.361752822643684     
   1.0449999999999930        10.362265597177313     
   1.0500000000000036        10.362777608852197     
   1.0550000000000141        10.363288859535077     
   1.0600000000000247        10.363799351082443     
   1.0650000000000353        10.364309085340729     
   1.0700000000000458        10.364818064146242     
   1.0750000000000564        10.365326289325411     
   1.0800000000000669        10.365833762694875     
   1.0850000000000775        10.366340486061574     
   1.0900000000000880        10.366846461222753     
   1.0950000000000986        10.367351689966201     
   1.1000000000001091        10.367856174070290     
   1.1050000000001197        10.368359915304005     
   1.1100000000001302        10.368862915427169     
   1.1150000000001408        10.369365176190414     
   1.1200000000001513        10.369866699335335     
   1.1250000000001619        10.370367486594581     
   1.1300000000001724        10.370867539691931     
   1.1350000000001830        10.371366860342343     
   1.1400000000001935        10.371865450252098     
   1.1450000000002041        10.372363311118862     
   1.1500000000002146        10.372860444631749     
   1.1550000000002252        10.373356852471421     
   1.1600000000002357        10.373852536310215     
   1.1650000000002463        10.374347497812138     
   1.1700000000002568        10.374841738632897     
   1.2555500000004243        10.383181774419825     
   1.2617043950004208        10.383773669949456     
   1.2685289969004203        10.384428791125060     
   1.2760967830389223        10.385153752692391     
   1.2844886762653960        10.385955824246386     
   1.2937944099269347        10.386842990419012     
   1.3041134870112110        10.387824012797051     
   1.3155562436939112        10.388908494634016     
   1.3282450286539689        10.390106948207533     
   1.3423155107565476        10.391430864323743     
   1.3579181290749986        10.392892783205410     
   1.3752197007433642        10.394506365711990     
   1.3944052038169659        10.396286463510886     
   1.4156797541877706        10.398249186418171     
   1.4392707976739645        10.400411964656200     
   1.4654305407014452        10.402793603232652     
   1.4944386455431282        10.405414324989609     
   1.5266052189074961        10.408295798143323     
   1.5622741258009532        10.411461143283182     
   1.6018266640622081        10.414934913858223     
   1.6456856388187513        10.418743043124591     
   1.6943198803865804        10.422912749387855     
   1.7482492538696424        10.427472390158533     
   1.8080502139663075        10.432451254572308     
   1.8743619643124063        10.437879282161882     
   1.9478932871456653        10.443786694856493     
   2.0294301162340638        10.450203528010194     
   2.1198439339474651        10.457159045429867     
   2.2201010821513862        10.464681022918283     
   2.3312730863594013        10.472794884936588     
   2.4545481033991492        10.481522679811274     
   2.5912436148426949        10.490881880730614     
   2.7428205017526825        10.500884002827492     
   2.9108986510432815        10.511533031246534     
   3.0972742601066092        10.522823661464438     
   3.3039390244862719        10.534739361318666     
   3.5331014134821870        10.547250273544554     
   3.7872102608609062        10.560310986206492     
   4.0689809225598044        10.573858200665272     
   4.3814242806760451        10.587808312341407     
   4.7278789034149060        10.602054867417698     
   5.1120467043601616        10.616465740688394     
   5.5380324817820137        10.630879665887418     
   6.0103877601139271        10.645101500250860     
   6.5037672265187911        10.658177858535074     
   6.9971466929236552        10.669554816210464     
   7.4905261593285193        10.679366512947205     
   7.9839056257333834        10.687728904355371     
   8.4772850921381622        10.694744749723215     
   8.9706645585429374        10.700505916875496     
   9.4640440249477127        10.705093763004147     
   9.9574234913524879        10.708578570491300     
   10.450802957757263        10.711019218034620     
   10.944182424162038        10.712463992477050     
   11.437561890566814        10.712952400938750     
   11.930941356971589        10.712517126421529     
   12.424320823376364        10.711185762750322     
   12.917700289781139        10.708982603495819     
   13.411079756185915        10.705930671059880     
   13.890582217539633        10.702183181206525     
   14.359181317781806        10.697780740405641     
   14.826608019204299        10.692706647275310     
   15.271759143052874        10.687245819410773     
   15.716910266901449        10.681211521450422     
   16.153578964978980        10.674771016969816     
   16.576407915745865        10.668054889693092     
   16.999236866512749        10.660905402907897     
   17.412925589780130        10.653526610212335     
   17.814498197524912        10.646012196487568     
   18.216070805269695        10.638183787559415     
   18.617643413014477        10.630062764708233     
   19.005538465906966        10.621964235711712     
   19.386997022398376        10.613758036009315     
   19.768455578889785        10.605331294260298     
   20.149914135381195        10.591894023773145     
   20.531372691872605        10.572091112548918     
   20.912831248364014        10.553465574158357     
   21.294289804855424        10.535678507155074     
   21.675748361346834        10.518571490772940     
   22.057206917838243        10.502047567423054     
   22.438665474329653        10.486038597523191     
   22.820124030821063        10.470491156847061     
   23.201582587312473        10.455359208559683     
   23.583041143803882        10.440600278028864     
   23.964499700295292        10.426173880959825     
   24.345958256786702        10.412041481559207     
   24.727416813278111        10.398167358684361     
   25.108875369769521        10.384519715977175     
   25.490333926260931        10.371071342043257     
   25.871792482752340        10.357799259923246     
   26.253251039243750        10.344683256261284     
   26.634709595735160        10.331703813930453     
   27.016168152226570        10.318840295721847     
   27.397626708717979        10.306070173966129     
   27.763063020758992        10.293902265600034     
   28.125447476714214        10.281880262124231     
   28.487831932669437        10.269887360194240     
   28.850216388624659        10.257914368288288     
   29.212600844579882        10.245958773305331     
   29.574985300535104        10.234025070192761     
   29.937369756490327        10.222124679114380     
   30.299754212445549        10.210275311291193     
   30.662138668400772        10.198499676510947     
   31.024523124355994        10.186823649445547     
   31.386907580311217        10.175274211000422     
   31.749292036266439        10.163877570602125     
   32.111676492221555        10.152657778256026     
   32.474060948176422        10.141635921031279     
   32.836445404131290        10.130829827286938     
   33.198829860086157        10.120254123509136     
   33.561214316041024        10.109920474316425     
   33.923598771995891        10.099837875318366     
   34.285983227950759        10.090012985657070     
   34.648367683905626        10.080450632629054     
   35.010752139860493        10.071154616983103     
   35.373136595815360        10.062128720972346     
   35.735521051770228        10.053377643408604     
   36.097905507725095        10.044907712277983     
   36.460289963679962        10.036727436270310     
   36.822674419634829        10.028847906177973     
   37.185058875589696        10.021282812520791     
   37.547443331544564        10.014047821684212     
   37.909827787499431        10.007159452338836     
   38.272212243454298        10.000634029903347     
   38.634596699409165        9.9944872619524663     
   38.996981155364033        9.9887346648262518     
   39.359365611318900        9.9833927526191459     
   39.721750067273767        9.9784806797115966     
   40.084134523228634        9.9740223082553712     
   40.446518979183502        9.9700488112209964     
   40.808903435138369        9.9666012195354661     
   41.171287891093236        9.9637318349948920     
   41.533672347048103        9.9615039618702568     
   41.896056803002971        9.9599876783857724     
   42.258441258957838        9.9592490113531742     
   42.620825714912705        9.9593312370461646     
   42.983210170867572        9.9602314805581162     
   43.345594626822439        9.9619116035227435     
   43.707979082777307        9.9643606209898365     
   44.070363538732174        9.9675698039614140     
   44.432747994687041        9.9716241078530317     
   44.782355220260477        9.9765505323527801     
   45.126486489956157        9.9822948002265104     
   45.470617759651837        9.9887450988616511     
   45.814749029347517        9.9960528914469933     
   46.158707181746379        10.004232740641919     
   46.460971055222373        10.012523504370433     
   46.778918969516027        10.022741397725984     
   47.112746234807148        10.034658927939683     
   47.446573500098268        10.047594399297768     
   47.780400765389388        10.061205736082179     
   48.114228030680508        10.075930919875519     
   48.434500476333916        10.091183557242406     
   48.700974735268886        10.104740591544010     
   48.990894334300606        10.120310852556099     
   49.301762528780102        10.137827307264654     
   49.593762557402648        10.155358365324002     
   49.830651739336403        10.170872188708916     
   50.092728936778258        10.189559239293541     
   50.374041855413282        10.211605489270706     
   50.655354774048305        10.235438944721730     
   50.954273953071237        10.262578994171280     
   51.215110526519197        10.287770856442950     
   51.437873781724846        10.311439022850518     
   51.677820400340025        10.339853065150695     
   51.935451029127350        10.372356390182482     
   52.205064352912963        10.407844704735389     
   52.478301786800621        10.446067059749558     
   52.709233226730625        10.482162753728437     
   52.920129981717658        10.518096014090659     
   53.151267486401288        10.558885095128737     
   53.379170676737608        10.601549896593223     
   53.607752964772558        10.647725602461444     
   53.808305532734863        10.692520615626695     
   54.029635207734088        10.744511444274210     
   54.252574595036016        10.799558963671092     
   54.481455833891168        10.857694697333416     
   54.726953078177083        10.923625047903091     
   54.923880634297923        10.979385778036150     
   55.113084518569813        11.033462384302078     
   55.286315372349925        11.084460322312188     
   55.453833108592626        11.136245571334715     
   55.613347382918526        11.188239288925431     
   55.776049113225042        11.243518468538912     
   55.924154299155347        11.296420402108618     
   56.087530056718727        11.357657172543302     
   56.268684243833398        11.429047243033549     
   56.469551268333554        11.512338590505937     
   56.692275988780203        11.612412287189702     
   56.925840933132569        11.727513343185390     
   57.126066352965701        11.833255214677981     
   57.319359282902163        11.940261599415390     
   57.522213797341614        12.058359198015875     
   57.706712096126417        12.172089937015180     
   57.899781206901331        12.299141375469878     
   58.077302821450381        12.422958137469175     
   58.272199233413467        12.566137963547014     
   58.476704319723460        12.725556742509953     
   58.633052514728568        12.854609524637601     
   58.798581382243036        12.999744659030045     
   58.982119163873584        13.170645581636290     
   59.172350592309620        13.357105455020344     
   59.317150938652993        13.505599749785302     
   59.471162616311155        13.671278677504654     
   59.639237595566406        13.861913360024259     
   59.810826310235832        14.065641603970793     
   60.000637750270933        14.300520600788030     
   60.189082833921724        14.541308131885431     
   60.340900971972545        14.740793522537210     
   60.489147603666680        14.942921039460511     
   60.652794380206132        15.175641134881234     
   60.819874220888181        15.422711773929985     
   60.972441985108418        15.655335360856284     
   61.125479837720377        15.900495541663750     
   61.286353582934268        16.173105010089575     
   61.450500930035886        16.463395373109421     
   61.616524534694847        16.767391618435020     
   61.784692895488547        17.085203653887184     
   61.957095722891466        17.419135332997651     
   62.135351092265097        17.768021742081160     
   62.323986805731622        18.138244579229767     
   62.503316927755534        18.492849118681260     
   62.687203969415719        18.858320608406387     
   62.864423869632560        19.209760267140222     
   63.057727648274316        19.591690456496654     
   63.242514110116709        19.958941068920161     
   63.445886169154399        20.358142009392434     
   63.650049975910065        20.762939740980009     
   63.838390308748963        21.131060568298693     
   64.041379146769017        21.505413721687823     
   64.237898042775015        21.848298232470796     
   64.436978870133629        22.184311738119881     
   64.653553973253224        22.543462740789209     
   64.848429304774271        22.862489485351826     
   65.052621485804067        23.179300924717278     
   65.252083854666452        23.464330670051581     
   65.457502222058437        23.744561161241808     
   65.676942768777593        24.032518589180164     
   65.903680267665777        24.316385432055814     
   66.098406900547388        24.549386296204446     
   66.283397630302829        24.757693857607105     
   66.482109009480709        24.963324315921774     
   66.693248195704598        25.163494647280817     
   66.926161113051364        25.372584851627444     
   67.161693010204488        25.578552760443571     
   67.363033846166644        25.750549758854024     
   67.572337985662244        25.923042454253292     
   67.794473788953468        26.095324631194714     
   68.016609592244691        26.260113893581199     
   68.231358841405807        26.414694483951340     
   68.447097824128576        26.561486457419317     
   68.638339705111065        26.681447910129364     
   68.814457073100897        26.787020035837259     
   68.987742972302300        26.886986532864672     
   69.171767421893946        26.987867702565545     
   69.363892883183496        27.089043863254531     
   69.556863696502717        27.190131660549564     
   69.768375492875691        27.294837641141065     
   69.990076803021651        27.396408357238009     
   70.207524912981199        27.489918968607757     
   70.441831036010228        27.585868861641135     
   70.654050180433941        27.670409295528781     
   70.878411009515716        27.751256014738853     
   71.127196650216945        27.828153905257622     
   71.384393317049671        27.904799959318485     
   71.629913085404496        27.971105765887607     
   71.873645068584324        28.033067513918521     
   72.105608603505289        28.089834051628053     
   72.348344788161512        28.144813291604006     
   72.609351903846232        28.202630138868422     
   72.860408316060457        28.249390764215661     
   73.084166966957312        28.279685106273408     
   73.321703647044771        28.305200706761763     
   73.561154077107176        28.332310458602354     
   73.782560262937679        28.355457202141682     
   74.028063001688068        28.376523854091744     
   74.288537136665141        28.397935007788831     
   74.549011271642215        28.421679351461716     
   74.831714094969001        28.442381426336279     
   75.091247654886971        28.460768331517389     
   75.311142301305111        28.473794741619987     
   75.552379061853472        28.485656875363421     
   75.814982980361521        28.499367114773559     
   76.083807614759635        28.508899988396276     
   76.307302558446594        28.507245149887680     
   76.523118718714386        28.501782133145550     
   76.751065693868043        28.497040933589481     
   77.002764234875642        28.494389786215251     
   77.240207424451825        28.486778745206248     
   77.464396899478828        28.480616569510740     
   77.688586374505832        28.476595629420292     
   77.924681160814885        28.481726092247634     
   78.160488830922020        28.491229137543158     
   78.396223047144872        28.500586465059737     
   78.652173840427224        28.503138696820855     
   78.935994286690800        28.495429402341568     
   79.199296854143597        28.482624726000790     
   79.422212791057291        28.473721178340995     
   79.623330257445758        28.470483359385256     
   79.842484761716463        28.472058718459895     
   80.081538908474130        28.474579211253353     
   80.324929735522318        28.478192507254828     
   80.562745497384213        28.476914027419056     
   80.816300692562578        28.474063367855369     
   81.088908930173901        28.475418921840586     
   81.323505693324833        28.484868485562604     
   81.558471598793318        28.497490686612732     
   81.786536782849765        28.513085281521903     
   82.035093761741948        28.534247109535745     
   82.297042061564198        28.560394586857107     
   82.565307515773767        28.590664223917592     
   82.838704077267465        28.622172705388198     
   83.077201252241565        28.654610165658525     
   83.329457883519822        28.695792302912576     
   83.595255254056767        28.739667096566404     
   83.845290282283756        28.776710647473216     
   84.100328757163282        28.814279277863530     
   84.372753584661979        28.872114743569306     
   84.609160731518955        28.934645272131846     
   84.845458478084197        29.003821768161092     
   85.055892580736980        29.066270240476062     
   85.271090619027277        29.125500747046168     
   85.504064882124510        29.178870428896989     
   85.741630923435309        29.223312832597781     
   85.992271892961810        29.252519140352653     
   86.241756217899820        29.268935856529524     
   86.484796484057952        29.280418048322165     
   86.717706100575754        29.293623283483317     
   86.944596968781639        29.306473863931345     
   87.170146745611746        29.314044020370012     
   87.386269495154792        29.311615223142578     
   87.625811984208198        29.301851310482935     
   87.864834826547806        29.299811096371378     
   88.103008435522753        29.307211903417450     
   88.360069500315888        29.319512894584822     
   88.605387876191912        29.332094372932950     
   88.860288165824954        29.342158161898759     
   89.142653091305533        29.346543133840477     
   89.425408179894475        29.345243981644227     
   89.701716695684865        29.342978905804099     
   89.974086122259081        29.338424744260571     
   90.228170877771461        29.335859497513937     
   90.458862097480349        29.335620517198866     
   90.695223795120299        29.333653746288277     
   90.901231681789938        29.326650931927919     
   91.125967739634916        29.313848120456466     
   91.374146912286562        29.297959911855379     
   91.643378645103368        29.279088385694276     
   91.905742702074278        29.259707007266492     
   92.168106759045187        29.244493149451845     
   92.430470816016097        29.234039267778314     
   92.717123163702411        29.229568683064578     
   92.988693423404030        29.223576545356593     
   93.272391197585890        29.216867557553883     
   93.500741593581978        29.215246254431378     
   93.718668853249739        29.219111006993810     
   93.960309143905391        29.227367500342805     
   94.227369595645627        29.236036081234424     
   94.511400705093564        29.236612805174360     
   94.772484168613360        29.236529387001756     
   95.030605180601199        29.244036183191458     
   95.272050702301087        29.254038121123696     
   95.515897737004124        29.260021072592554     
   95.757283798546368        29.263124206627658     
   95.977181830440927        29.265506822994851     
   96.176379552994931        29.262164096619081     
   96.391515106752593        29.251780811011390     
   96.622419539932565        29.236683307292541     
   96.826672436787049        29.223336451848144     
   97.044817128303663        29.214246840957156     
   97.286058198845495        29.209607737943756     
   97.535455226228720        29.207874533717668     
   97.800623986746032        29.209709192291324     
   98.060893365405235        29.210330964167113     
   98.314102372861925        29.217197091470929     
   98.574495870957932        29.224374135402623     
   98.823834556933363        29.235806827217623     
   99.073173242908794        29.253219239362284     
   99.322511928884225        29.260812755636707     
   99.571850614859656        29.270434313741731     
   99.821189300835087        29.290955624314602     
   100.06781927183007        29.306268334064640     
   100.30607990337427        29.313708495211525     
   100.56852835133964        29.319724889762465     
   100.83256939580062        29.330468525627644     
   101.10737952206509        29.341937224691698     
   101.33087923096336        29.343969545066368     
   101.55918441189139        29.333819384227720     
   101.81234485969584        29.311815596305848     
   102.07814802800827        29.281500229026616     
   102.33288575679875        29.251227830784654     
   102.60245313323661        29.224798137112906     
   102.86547415869451        29.205236196939492     
   103.13761753695107        29.190307516463957     
   103.36438174885737        29.179018553135172     
   103.56441560841117        29.169880449967309     
   103.78214220588487        29.159156959030344     
   104.00259047676681        29.153192794004109     
   104.24299768597589        29.144748442290684     
   104.48419000681236        29.136940486717815     
   104.75135407431370        29.129682004766572     
   105.04296101055579        29.125403626938244     
   105.28479516929816        29.125108919669785     
   105.51476154928939        29.131764567724527     
   105.75402129080121        29.143303601717122     
   105.98418444092945        29.156543467717650     
   106.20139521505843        29.167740549236086     
   106.43655492817680        29.173422554375502     
   106.69611017574793        29.179139513132949     
   106.94580099520955        29.190618978438028     
   107.16154744283780        29.201342762368689     
   107.39317913462243        29.216562244120759     
   107.64247265323515        29.233690629078087     
   107.88895168569925        29.244680120651875     
   108.12734487381812        29.254478653562501     
   108.37636382834512        29.268238952672540     
   108.62277541871254        29.281073734590091     
   108.84289441582975        29.290690426845764     
   109.08020609127098        29.302471871809050     
   109.33001941032134        29.317062371033732     
   109.58804544452451        29.324493931593530     
   109.83640083973272        29.321845565055558     
   110.08956709009742        29.318245341846154     
   110.36053345803001        29.319015376503096     
   110.61859392042433        29.322958342894555     
   110.83253946972410        29.320698988694300     
   111.06503626911372        29.308317011541128     
   111.31728086624175        29.294015413555879     
   111.56952546336977        29.283812910511454     
   111.81466361964904        29.276253824159070     
   112.07809148603668        29.264734009035365     
   112.33350540608309        29.251886029155646     
   112.57509486270190        29.237142499841795     
   112.83371287814344        29.223703186678595     
   113.06184702977296        29.222246046986719     
   113.29142977987001        29.231772029282606     
   113.53828191940011        29.253008161024887     
   113.80325230415821        29.282317799617754     
   114.06822268891631        29.313086143848114     
   114.32297971833410        29.339837804067379     
   114.55414019418586        29.356646078886442     
   114.80991221784031        29.367413013616403     
   115.04778917515327        29.378654640943321     
   115.29331514338728        29.393668251928386     
   115.55602753456731        29.403144130534308     
   115.83972227384251        29.407985284939535     
   116.12715748060057        29.409786045709978     
   116.39591675407465        29.411261400001891     
   116.64334023413875        29.413224803728951     
   116.86485308306911        29.412707859024600     
   117.09991010593295        29.409141175792641     
   117.35640646925513        29.404282069974418     
   117.59620070421131        29.396295494304198     
   117.81618981383244        29.387835382724010     
   118.02849253014899        29.380143746988814     
   118.22390563570049        29.377871422257201     
   118.37056001254611        29.379648594508406     
   118.52986281221102        29.383606994979242     
   118.70649921076084        29.390249000888247     
   118.89793291745012        29.398869930765546     
   119.10164905680675        29.404535901974814     
   119.32696408923722        29.404639432334545     
   119.57497539253269        29.395587016204431     
   119.82178437998813        29.384470384664848     
   120.06859336744357        29.378284602157670     
   120.33279175724984        29.383270582183624     
   120.60517339522120        29.386798459097587     
   120.89117054442471        29.385068889377084     
   121.16160727506684        29.382286598865406     
   121.44310530086271        29.376964598965948     
   121.70403037663327        29.372289558394954     
   121.96482363998142        29.366620722814318     
   122.22715177352039        29.366593355077498     
   122.47961818065535        29.363449931375829     
   122.69430892900297        29.354884634627165     
   122.93017714594592        29.332773232089746     
   123.19170444696877        29.304244110358169     
   123.46122877739448        29.280289605008356     
   123.73632556738180        29.263952112064803     
   124.00724076218715        29.257759255755165     
   124.25946962178288        29.248763156342005     
   124.46161189491629        29.236933580646284     
   124.66488335207502        29.225221054786527     
   124.88643382540312        29.213697717161217     
   125.11737229512708        29.206635847064884     
   125.35048019376188        29.200661826896056     
   125.60156463392659        29.192150263612575     
   125.87998136185259        29.178001985590281     
   126.17867561239181        29.162187044820421     
   126.46889309800824        29.142845093035881     
   126.71064791768137        29.123400184511109     
   126.95071574162390        29.107026130155230     
   127.19078356556642        29.089139199712044     
   127.43085138950894        29.067843253360266     
   127.67091921345147        29.045194002908783     
   127.93489999474292        29.030181654501135     
   128.17828051230526        29.027675933364755     
   128.43415866893156        29.028629629517535     
   128.70316233150356        29.024156503941917     
   128.97290583257410        29.012206374827773     
   129.26559770995402        28.996335863918421     
   129.55330704992866        28.983476423190183     
   129.83177885342741        28.967321794412243     
   130.09334604294708        28.948308325779308     
   130.35500607761122        28.930556573008086     
   130.61666611227537        28.914444834684122     
   130.87536785950286        28.903239302742890     
   131.09991564032859        28.895655588224415     
   131.33459109956360        28.890389489617696     
   131.59029911934536        28.887462503363832     
   131.84600713912712        28.887942953972988     
   132.11015952489873        28.895718437938026     
   132.34543384560808        28.901768044524331     
   132.58707908013002        28.903729974487582     
   132.84073699024486        28.906098533379375     
   133.10323958229003        28.918356411473862     
   133.36574217433520        28.935148670093280     
   133.62824476638036        28.954659353787036     
   133.88690023181005        28.976089872781554     
   134.09657586768668        28.993390062583888     
   134.30125948100624        29.009280426361073     
   134.52820942280664        29.026208382343448     
   134.76012515109667        29.046667078333158     
   135.00605513200642        29.068247910902258     
   135.26386774349533        29.086449780477977     
   135.51607057801505        29.097892251282783     
   135.79120022019504        29.101040065407204     
   136.05160165284269        29.094458368578724     
   136.28779006443631        29.091386295931080     
   136.54736191138502        29.096695617801231     
   136.80700516615201        29.103278224301910     
   137.06876233622086        29.112140522505442     
   137.33446263397880        29.119824203510269     
   137.58609662639691        29.124957112641248     
   137.84813834675245        29.130913572622564     
   138.08821528844712        29.140174218299300     
   138.33681216506025        29.153167909629435     
   138.58259204349909        29.165136879714002     
   138.85420710174077        29.174592426784020     
   139.14700375576632        29.184211915892448     
   139.43467912092069        29.192427825960500     
   139.73950698868930        29.193430911738862     
   140.01341436208702        29.187529631967060     
   140.28732173548474        29.179087910818840     
   140.56122910888246        29.164669425654960     
   140.83876978965844        29.142509743085508     
   141.08666990571794        29.117735848201871     
   141.31981888996728        29.092736121804712     
   141.56000575726915        29.069829660495611     
   141.81747483971594        29.051291038923242     
   142.08272009483665        29.032935375963831     
   142.37684069399285        29.016112675393359     
   142.63527622947245        29.001966186453398     
   142.85801563431610        28.983314929677618     
   143.10417511777206        28.959959383809665     
   143.37353435998790        28.936527610957658     
   143.62178781181956        28.919923665304527     
   143.88160306062719        28.905351667954019     
   144.16366763129068        28.894839240994479     
   144.43065556974386        28.891834181625132     
   144.71496573158913        28.889845337684790     
   145.00641378181894        28.900573863831102     
   145.28393438572294        28.922721670069130     
   145.53631115976498        28.944321043148676     
   145.76820780335805        28.968086634134583     
   145.97775852375986        28.997971158086713     
   146.18730924416167        29.030960206137593     
   146.40641255906641        29.064026423038406     
   146.62875776904681        29.096015206799986     
   146.84926577899614        29.127451772546024     
   147.06964263956121        29.165263088748777     
   147.30899920685155        29.207437985698178     
   147.57381111724109        29.242213521255756     
   147.82059284668151        29.263936881220527     
   148.03078952838291        29.275389880274535     
   148.24851662057011        29.281172805348994     
   148.46504944424862        29.285845380915536     
   148.70515027514051        29.290074566999152     
   148.97138402766490        29.296832167482773     
   149.25952531912239        29.308949283587573     
   149.54607383791813        29.334488010659509     
   149.81700200060448        29.361059605855058     
   150.09098963202109        29.385445535647698     
   150.35175639138899        29.409854931795074     
   150.61002321815323        29.434731513315469     
   150.89505900701937        29.450809430033679     
   151.17920067865032        29.461707484661126     
   151.44914207676084        29.478393976104698     
   151.71036517697124        29.495364587818081     
   151.95329598859749        29.504806829642710     
   152.21732917083278        29.504653906054095     
   152.49102152684310        29.499019592851941     
   152.78368246647770        29.487508028276590     
   153.06476349193792        29.470559700541656     
   153.30342441734882        29.454653283060352     
   153.53847471487327        29.440792146041325     
   153.79827679993340        29.419523538544194     
   154.08628962955015        29.382585124889967     
   154.36554736418975        29.348371856836131     
   154.63774768695180        29.323490680358066     
   154.86987108713427        29.303459318265702     
   155.06549421297564        29.287997126800075     
   155.26472694369772        29.272033897692818     
   155.47653874492693        29.251890491167391     
   155.71079019532931        29.228359770530588     
   155.94712043945950        29.205446643932181     
   156.17562668062746        29.185092759905508     
   156.42041851791063        29.164141810865857     
   156.69186106480944        29.146499129112215     
   156.94078860789219        29.132959965180248     
   157.21137543301236        29.116903410907664     
   157.47361491430820        29.108432265756012     
   157.73104631544436        29.102320449442523     
   157.97639047509222        29.098216625474397     
   158.23798336794053        29.095450095754128     
   158.48908473703685        29.093162886213999     
   158.71085721033464        29.088259286288032     
   158.93837025665798        29.076052849593637     
   159.17292597254649        29.058065545705819     
   159.42679504514743        29.039247941126831     
   159.67318318927329        29.028246282884187     
   159.93482428176495        29.023839717918243     
   160.21704082107988        29.019514111163868     
   160.50493790982210        29.012196997185171     
   160.79535674697519        28.997823346315908     
   161.09046597786784        28.983119528409361     
   161.41019977589320        28.974393519752603     
   161.71012557631795        28.971675324460598     
   161.96278847681387        28.967884020276095     
   162.21274669487431        28.961161719231356     
   162.46270491293475        28.955197940869269     
   162.72448226001754        28.950312525662362     
   163.00641182228750        28.951738450614357     
   163.29571024453591        28.962550741549911     
   163.57188056953444        28.976236841890810     
   163.83651184493655        28.986434626802907     
   164.08480559076611        28.992635777929809     
   164.28090497921380        28.994040702726554     
   164.49670982129908        28.992587173171191     
   164.73601581068533        28.988389603119604     
   165.00138196119178        28.987601210155169     
   165.24527874690159        28.996926176652490     
   165.49054231831371        29.013103520337829     
   165.76026403532569        29.033660467179548     
   166.00119561374913        29.053699565670456     
   166.22864110016172        29.074611636648061     
   166.48083060152709        29.097277734837615     
   166.75831904969806        29.117909620416757     
   167.02412526700161        29.133343366799647     
   167.28682608116318        29.148058872256428     
   167.54952689532476        29.165431783268428     
   167.82311939594197        29.188631218298354     
   168.06019171161236        29.213619055961132     
   168.22860480847018        29.228831241513518     
   168.40098310155653        29.239400257902911     
   168.59189914483028        29.244996317043423     
   168.80359568593752        29.245766925226039     
   169.03833435027698        29.242074793853401     
   169.29862287681308        29.230517083024107     
   169.54094094631296        29.207518505309835     
   169.75838465727992        29.181691222748338     
   169.99696867334580        29.152563926140079     
   170.23387619250275        29.127431219034243     
   170.45756713666898        29.107711313391253     
   170.69376889657300        29.083271456437803     
   170.95568506701375        29.049393657629693     
   171.24258213743661        29.013065082626440     
   171.51368023411015        28.985358882015127     
   171.75644958971793        28.965858267838630     
   172.02563662247570        28.944556476941870     
   172.31088632851487        28.929300147675885     
   172.59574860996588        28.918912655205766     
   172.85500213325088        28.913011219527434     
   173.09180557040455        28.910165459690738     
   173.33988356903924        28.909393407373251     
   173.60816745298828        28.911046297518169     
   173.87002666594708        28.912850214822559     
   174.10602431547295        28.913151921196537     
   174.31218659244132        28.916043744698296     
   174.52455790842390        28.921905020493341     
   174.75349099410784        28.928415362799512     
   175.00597153804478        28.934243828093866     
   175.25621879420723        28.942211731423850     
   175.52003361506164        28.953366102354430     
   175.75899861784299        28.964504129063577     
   175.98358318986973        28.973873539778264     
   176.19908289824187        28.980364980873858     
   176.42973952595887        28.991003401687401     
   176.66689197625223        29.000549997032550     
   176.90546831605221        29.006200823347211     
   177.16635225812243        29.006614296683406     
   177.42723620019265        29.004283246199407     
   177.69067721869578        29.005341532837281     
   177.96257007851852        29.011681152050389     
   178.22204176268912        29.016130176545950     
   178.48577842751860        29.015876401239542     
   178.73900782068563        29.014588221704454     
   178.97221126214038        29.016886168349949     
   179.18503414232404        29.027193491299609     
   179.39175658187239        29.046633446852962     
   179.62098412756299        29.075882694939548     
   179.86870512113302        29.104265993942288     
