   5.0000000000000099E-004   29.508654483100646     
   1.0000000000000022E-003   29.508673888684434     
   1.5000000000000035E-003   29.508692791606311     
   2.0000000000000026E-003   29.508711707114117     
   2.4999999999999823E-003   29.508730503322631     
   2.9999999999999619E-003   29.508749121069556     
   3.4999999999999415E-003   29.508767570150638     
   3.9999999999999212E-003   29.508785877107513     
   4.4999999999999008E-003   29.508804065671608     
   4.9999999999998804E-003   29.508822153712103     
   5.4999999999998600E-003   29.508840154601518     
   5.9999999999998397E-003   29.508858078856758     
   6.4999999999998193E-003   29.508875935224619     
   6.9999999999997989E-003   29.508893731289913     
   7.4999999999997785E-003   29.508911473802822     
   7.9999999999997590E-003   29.508929168863062     
   8.4999999999997387E-003   29.508946822034222     
   8.9999999999997183E-003   29.508964438423902     
   9.4999999999996979E-003   29.508982022744743     
   9.9999999999996775E-003   29.508999579363596     
   1.0499999999999657E-002   29.509017112341393     
   1.0999999999999637E-002   29.509034625466992     
   1.1499999999999616E-002   29.509052122284750     
   1.1999999999999596E-002   29.509069606117976     
   1.2499999999999576E-002   29.509087080089021     
   1.2999999999999555E-002   29.509104547136435     
   1.3499999999999535E-002   29.509122010030051     
   1.3999999999999515E-002   29.509139471383946     
   1.4499999999999494E-002   29.509156933668272     
   1.4999999999999474E-002   29.509174399219617     
   1.5499999999999453E-002   29.509191870250536     
   1.5999999999999563E-002   29.509209348858064     
   1.6499999999999716E-002   29.509226837031349     
   1.6999999999999869E-002   29.509244336658742     
   1.7500000000000022E-002   29.509261849534376     
   1.8000000000000176E-002   29.509279377363882     
   1.8500000000000329E-002   29.509296921769870     
   1.9000000000000482E-002   29.509314484297029     
   1.9500000000000635E-002   29.509332066416491     
   2.0000000000000788E-002   29.509349669530256     
   2.0500000000000941E-002   29.509367294974894     
   2.1000000000001094E-002   29.509384944025207     
   2.1500000000001247E-002   29.509402617897656     
   2.2000000000001400E-002   29.509420317753442     
   2.2500000000001553E-002   29.509438044701096     
   2.3000000000001707E-002   29.509455799799532     
   2.3500000000001860E-002   29.509473584060167     
   2.4000000000002013E-002   29.509491398449427     
   2.4500000000002166E-002   29.509509243891035     
   2.5000000000002319E-002   29.509527121267752     
   2.5500000000002472E-002   29.509545031423453     
   2.6000000000002625E-002   29.509562975164805     
   2.6500000000002778E-002   29.509580953262905     
   2.7000000000002931E-002   29.509598966454966     
   2.7500000000003084E-002   29.509617015445723     
   2.8000000000003238E-002   29.509635100908806     
   2.8500000000003391E-002   29.509653223488026     
   2.9000000000003544E-002   29.509671383798636     
   2.9500000000003697E-002   29.509689582428653     
   3.0000000000003850E-002   29.509707819939635     
   3.0500000000004003E-002   29.509726096867986     
   3.1000000000004156E-002   29.509744413725961     
   3.1500000000004136E-002   29.509762771002290     
   3.2000000000003942E-002   29.509781169163567     
   3.2500000000003748E-002   29.509799608654550     
   3.3000000000003554E-002   29.509818089899550     
   3.3500000000003360E-002   29.509836613302713     
   3.4000000000003167E-002   29.509855179248998     
   3.4500000000002973E-002   29.509873788104802     
   3.5000000000002779E-002   29.509892440218756     
   3.5500000000002585E-002   29.509911135922096     
   3.6000000000002391E-002   29.509929875529480     
   3.6500000000002197E-002   29.509948659339670     
   3.7000000000002004E-002   29.509967487635805     
   3.7500000000001810E-002   29.509986360686081     
   3.8000000000001616E-002   29.510005278744305     
   3.8500000000001422E-002   29.510024242050235     
   3.9000000000001228E-002   29.510043250830226     
   3.9500000000001034E-002   29.510062305297662     
   4.0000000000000840E-002   29.510081405653235     
   4.0500000000000647E-002   29.510100552085390     
   4.1000000000000453E-002   29.510119744771060     
   4.1500000000000259E-002   29.510138983875507     
   4.2000000000000065E-002   29.510158269553084     
   4.2499999999999871E-002   29.510177601947348     
   4.2999999999999677E-002   29.510196981191555     
   4.3499999999999484E-002   29.510216407409121     
   4.3999999999999290E-002   29.510235880713534     
   4.4499999999999096E-002   29.510255401209129     
   4.4999999999998902E-002   29.510274968990863     
   4.5499999999998708E-002   29.510294584145154     
   4.5999999999998514E-002   29.510314246749644     
   4.6499999999998320E-002   29.510333956873875     
   4.6999999999998127E-002   29.510353714579246     
   4.7499999999997933E-002   29.510373519919472     
   4.7999999999997739E-002   29.510393372940737     
   4.8499999999997545E-002   29.510413273681735     
   4.8999999999997351E-002   29.510433222174196     
   4.9499999999997157E-002   29.510453218443153     
   4.9999999999996964E-002   29.510473262506661     
   5.0499999999996770E-002   29.510493354376340     
   5.0999999999996576E-002   29.510513494057630     
   5.1499999999996382E-002   29.510533681550015     
   5.1999999999996188E-002   29.510553916846820     
   5.2499999999995994E-002   29.510574199935775     
   5.2999999999995800E-002   29.510594530798926     
   5.3499999999995607E-002   29.510614909413135     
   5.3999999999995413E-002   29.510635335749825     
   5.4499999999995219E-002   29.510655809775503     
   5.4999999999995025E-002   29.510676331451606     
   5.5499999999994831E-002   29.510696900734750     
   5.5999999999994637E-002   29.510717517576971     
   5.6499999999994444E-002   29.510738181925930     
   5.6999999999994250E-002   29.510758893724763     
   5.7499999999994056E-002   29.510779652912163     
   5.7999999999993862E-002   29.510800459423098     
   5.8499999999993668E-002   29.510821313188266     
   5.8999999999993474E-002   29.510842214134648     
   5.9499999999993280E-002   29.510863162185291     
   5.9999999999993087E-002   29.510884157259664     
   6.0499999999992893E-002   29.510905199273708     
   6.0999999999992699E-002   29.510926288139839     
   6.1499999999992505E-002   29.510947423767213     
   6.1999999999992311E-002   29.510968606061731     
   6.2499999999992117E-002   29.510989834926139     
   6.2999999999992617E-002   29.511011110260103     
   6.3499999999993118E-002   29.511032431960210     
   6.3999999999993618E-002   29.511053799920472     
   6.4499999999994118E-002   29.511075214031848     
   6.4999999999994618E-002   29.511096674182831     
   6.5499999999995118E-002   29.511118180258968     
   6.5999999999995618E-002   29.511139732143612     
   6.6499999999996118E-002   29.511161329717378     
   6.6999999999996618E-002   29.511182972858542     
   6.7499999999997118E-002   29.511204661443291     
   6.7999999999997618E-002   29.511226395345425     
   6.8499999999998118E-002   29.511248174436403     
   6.8999999999998618E-002   29.511269998585785     
   6.9499999999999118E-002   29.511291867660955     
   6.9999999999999618E-002   29.511313781527473     
   7.0500000000000118E-002   29.511335740048921     
   7.1000000000000618E-002   29.511357743087068     
   7.1500000000001118E-002   29.511379790501728     
   7.2000000000001618E-002   29.511401882151144     
   7.2500000000002118E-002   29.511424017891780     
   7.3000000000002618E-002   29.511446197578650     
   7.3500000000003118E-002   29.511468421064958     
   7.4000000000003618E-002   29.511490688202521     
   7.4500000000004118E-002   29.511512998841802     
   7.5000000000004619E-002   29.511535352831544     
   7.5500000000005119E-002   29.511557750019346     
   7.6000000000005619E-002   29.511580190251589     
   7.6500000000006119E-002   29.511602673373069     
   7.7000000000006619E-002   29.511625199227499     
   7.7500000000007119E-002   29.511647767657536     
   7.8000000000007619E-002   29.511670378504547     
   7.8500000000008119E-002   29.511693031608765     
   7.9000000000008619E-002   29.511715726809442     
   7.9500000000009119E-002   29.511738463944855     
   8.0000000000009619E-002   29.511761242852099     
   8.0500000000010119E-002   29.511784063367596     
   8.1000000000010619E-002   29.511806925326631     
   8.1500000000011119E-002   29.511829828563823     
   8.2000000000011619E-002   29.511852772912743     
   8.2500000000012119E-002   29.511875758206191     
   8.3000000000012619E-002   29.511898784276468     
   8.3500000000013119E-002   29.511921850954664     
   8.4000000000013619E-002   29.511944958071609     
   8.4500000000014119E-002   29.511968105457154     
   8.5000000000014619E-002   29.511991292940646     
   8.5500000000015119E-002   29.512014520350860     
   8.6000000000015620E-002   29.512037787515844     
   8.6500000000016120E-002   29.512061094263188     
   8.7000000000016620E-002   29.512084440419802     
   8.7500000000017120E-002   29.512107825812361     
   8.8000000000017620E-002   29.512131250266744     
   8.8500000000018120E-002   29.512154713608631     
   8.9000000000018620E-002   29.512178215663155     
   8.9500000000019120E-002   29.512201756254953     
   9.0000000000019620E-002   29.512225335208505     
   9.0500000000020120E-002   29.512248952347772     
   9.1000000000020620E-002   29.512272607496360     
   9.1500000000021120E-002   29.512296300477676     
   9.2000000000021620E-002   29.512320031114626     
   9.2500000000022120E-002   29.512343799230081     
   9.3000000000022620E-002   29.512367604646553     
   9.3500000000023120E-002   29.512391447186264     
   9.4000000000023620E-002   29.512415326671238     
   9.4500000000024120E-002   29.512439242923442     
   9.5000000000024620E-002   29.512463195764461     
   9.5500000000025120E-002   29.512487185015800     
   9.6000000000025620E-002   29.512511210498950     
   9.6500000000026120E-002   29.512535272034953     
   9.7000000000026620E-002   29.512559369445054     
   9.7500000000027121E-002   29.512583502550235     
   9.8000000000027621E-002   29.512607671171470     
   9.8500000000028121E-002   29.512631875129600     
   9.9000000000028621E-002   29.512656114245470     
   9.9500000000029121E-002   29.512680388339845     
  0.10000000000002962        29.512704697233577     
  0.10050000000003012        29.512729040747388     
  0.10100000000003062        29.512753418702047     
  0.10150000000003112        29.512777830918278     
  0.10200000000003162        29.512802277216945     
  0.10250000000003212        29.512826757418868     
  0.10300000000003262        29.512851271344928     
  0.10350000000003312        29.512875818816223     
  0.10400000000003362        29.512900399653656     
  0.10450000000003412        29.512925013678373     
  0.10500000000003462        29.512949660711680     
  0.10550000000003512        29.512974340574818     
  0.10600000000003562        29.512999053089331     
  0.10650000000003612        29.513023798076741     
  0.10700000000003662        29.513048575358816     
  0.10750000000003712        29.513073384757330     
  0.10800000000003762        29.513098226094478     
  0.10850000000003812        29.513123099192391     
  0.10900000000003862        29.513148003873297     
  0.10950000000003912        29.513172939959912     
  0.11000000000003962        29.513197907274925     
  0.11050000000004012        29.513222905641278     
  0.11100000000004062        29.513247934882035     
  0.11150000000004112        29.513272994820618     
  0.11200000000004162        29.513298085280557     
  0.11250000000004212        29.513323206085737     
  0.11300000000004262        29.513348357060149     
  0.11350000000004312        29.513373538028038     
  0.11400000000004362        29.513398748813973     
  0.11450000000004412        29.513423989242742     
  0.11500000000004462        29.513449259139325     
  0.11550000000004512        29.513474558329037     
  0.11600000000004562        29.513499886637490     
  0.11650000000004612        29.513525243890509     
  0.11700000000004662        29.513550629914246     
  0.11750000000004712        29.513576044535114     
  0.11800000000004762        29.513601487579795     
  0.11850000000004812        29.513626958875367     
  0.11900000000004862        29.513652458249101     
  0.11950000000004912        29.513677985528652     
  0.12000000000004962        29.513703540541915     
  0.12050000000005012        29.513729123117123     
  0.12100000000005062        29.513754733082905     
  0.12150000000005112        29.513780370268055     
  0.12200000000005162        29.513806034501947     
  0.12250000000005212        29.513831725614043     
  0.12300000000005262        29.513857443434159     
  0.12350000000005312        29.513883187792612     
  0.12400000000005362        29.513908958519959     
  0.12450000000005412        29.513934755447231     
  0.12500000000005462        29.513960578405538     
  0.12550000000005512        29.513986427226598     
  0.12600000000005562        29.514012301742287     
  0.12650000000005612        29.514038201784970     
  0.12700000000005662        29.514064127187417     
  0.12750000000005712        29.514090077782630     
  0.12800000000005762        29.514116053404109     
  0.12850000000005812        29.514142053885589     
  0.12900000000005862        29.514168079061239     
  0.12950000000005912        29.514194128765627     
  0.13000000000005962        29.514220202833780     
  0.13050000000006012        29.514246301100851     
  0.13100000000006062        29.514272423402588     
  0.13150000000006112        29.514298569575086     
  0.13200000000006162        29.514324739454747     
  0.13250000000006212        29.514350932878497     
  0.13300000000006262        29.514377149683572     
  0.13350000000006312        29.514403389707457     
  0.13400000000006362        29.514429652788362     
  0.13450000000006412        29.514455938764613     
  0.13500000000006462        29.514482247474994     
  0.13550000000006512        29.514508578758832     
  0.13600000000006562        29.514534932455735     
  0.13650000000006612        29.514561308405671     
  0.13700000000006662        29.514587706449003     
  0.13750000000006712        29.514614126426700     
  0.13800000000006762        29.514640568179875     
  0.13850000000006812        29.514667031550172     
  0.13900000000006862        29.514693516379758     
  0.13950000000006912        29.514720022510936     
  0.14000000000006962        29.514746549786643     
  0.14050000000007012        29.514773098050263     
  0.14100000000007062        29.514799667145397     
  0.14150000000007112        29.514826256916120     
  0.14200000000007162        29.514852867207015     
  0.14250000000007212        29.514879497863070     
  0.14300000000007262        29.514906148729498     
  0.14350000000007312        29.514932819652152     
  0.14400000000007362        29.514959510477226     
  0.14450000000007412        29.514986221051384     
  0.14500000000007462        29.515012951221617     
  0.14550000000007512        29.515039700835342     
  0.14600000000007562        29.515066469740539     
  0.14650000000007612        29.515093257785324     
  0.14700000000007662        29.515120064818561     
  0.14750000000007712        29.515146890689390     
  0.14800000000007763        29.515173735247302     
  0.14850000000007813        29.515200598342290     
  0.14900000000007863        29.515227479824837     
  0.14950000000007913        29.515254379545762     
  0.15000000000007963        29.515281297356342     
  0.15050000000008013        29.515308233108168     
  0.15100000000008063        29.515335186653449     
  0.15150000000008113        29.515362157844695     
  0.15200000000008163        29.515389146534858     
  0.15250000000008213        29.515416152577384     
  0.15300000000008263        29.515443175826025     
  0.15350000000008313        29.515470216135093     
  0.15400000000008363        29.515497273359202     
  0.15450000000008413        29.515524347353502     
  0.15500000000008463        29.515551437973510     
  0.15550000000008513        29.515578545075162     
  0.15600000000008563        29.515605668514851     
  0.15650000000008613        29.515632808149405     
  0.15700000000008663        29.515659963835997     
  0.15750000000008713        29.515687135432440     
  0.15800000000008763        29.515714322796629     
  0.15850000000008813        29.515741525787291     
  0.15900000000008863        29.515768744263191     
  0.15950000000008913        29.515795978083879     
  0.16000000000008963        29.515823227109031     
  0.16050000000009013        29.515850491198947     
  0.16100000000009063        29.515877770214196     
  0.16150000000009113        29.515905064015975     
  0.16200000000009163        29.515932372465699     
  0.16250000000009213        29.515959695425334     
  0.16300000000009263        29.515987032757199     
  0.16350000000009313        29.516014384324205     
  0.16400000000009363        29.516041749989533     
  0.16450000000009413        29.516069129616682     
  0.16500000000009463        29.516096523069802     
  0.16550000000009513        29.516123930213450     
  0.16600000000009563        29.516151350912455     
  0.16650000000009613        29.516178785032217     
  0.16700000000009663        29.516206232438432     
  0.16750000000009713        29.516233692997314     
  0.16800000000009763        29.516261166575422     
  0.16850000000009813        29.516288653039826     
  0.16900000000009863        29.516316152257961     
  0.16950000000009913        29.516343664097665     
  0.17000000000009963        29.516371188427300     
  0.17050000000010013        29.516398725115597     
  0.17100000000010063        29.516426274031659     
  0.17150000000010113        29.516453835044828     
  0.17200000000010163        29.516481408025367     
  0.17250000000010213        29.516508992843534     
  0.17300000000010263        29.516536589370077     
  0.17350000000010313        29.516564197476331     
  0.17400000000010363        29.516591817033810     
  0.17450000000010413        29.516619447914636     
  0.17500000000010463        29.516647089991242     
  0.17550000000010513        29.516674743136573     
  0.17600000000010563        29.516702407223818     
  0.17650000000010613        29.516730082126827     
  0.17700000000010663        29.516757767719543     
  0.17750000000010713        29.516785463876595     
  0.17800000000010763        29.516813170472865     
  0.17850000000010813        29.516840887383761     
  0.17900000000010863        29.516868614485002     
  0.17950000000010913        29.516896351652768     
  0.18000000000010963        29.516924098763617     
  0.18050000000011013        29.516951855694550     
  0.18100000000011063        29.516979622322992     
  0.18150000000011113        29.517007398526729     
  0.18200000000011163        29.517035184183857     
  0.18250000000011213        29.517062979173041     
  0.18300000000011263        29.517090783373312     
  0.18350000000011313        29.517118596663984     
  0.18400000000011363        29.517146418924899     
  0.18450000000011413        29.517174250036252     
  0.18500000000011463        29.517202089878602     
  0.18550000000011513        29.517229938333109     
  0.18600000000011563        29.517257795281061     
  0.18650000000011613        29.517285660604259     
  0.18700000000011663        29.517313534184833     
  0.18750000000011713        29.517341415905484     
  0.18800000000011763        29.517369305649098     
  0.18850000000011813        29.517397203299133     
  0.18900000000011863        29.517425108739200     
  0.18950000000011913        29.517453021853662     
  0.19000000000011963        29.517480942526905     
  0.19050000000012013        29.517508870643873     
  0.19100000000012063        29.517536806089851     
  0.19150000000012113        29.517564748750690     
  0.19200000000012163        29.517592698512363     
  0.19250000000012213        29.517620655261325     
  0.19300000000012263        29.517648618884518     
  0.19350000000012313        29.517676589269133     
  0.19400000000012363        29.517704566302818     
  0.19450000000012413        29.517732549873571     
  0.19500000000012463        29.517760539869727     
  0.19550000000012513        29.517788536180067     
  0.19600000000012563        29.517816538693758     
  0.19650000000012613        29.517844547300367     
  0.19700000000012663        29.517872561889657     
  0.19750000000012713        29.517900582351981     
  0.19800000000012763        29.517928608577961     
  0.19850000000012813        29.517956640458575     
  0.19900000000012863        29.517984677885188     
  0.19950000000012913        29.518012720749660     
  0.20000000000012963        29.518040768944015     
  0.20050000000013013        29.518068822360810     
  0.20100000000013063        29.518096880892799     
  0.20150000000013113        29.518124944433236     
  0.20200000000013163        29.518153012875818     
  0.20250000000013213        29.518181086114385     
  0.20300000000013263        29.518209164043345     
  0.20350000000013313        29.518237246557248     
  0.20400000000013363        29.518265333551220     
  0.20450000000013413        29.518293424920646     
  0.20500000000013463        29.518321520561347     
  0.20550000000013513        29.518349620369364     
  0.20600000000013563        29.518377724241137     
  0.20650000000013613        29.518405832073604     
  0.20700000000013663        29.518433943763888     
  0.20750000000013713        29.518462059209508     
  0.20800000000013763        29.518490178308380     
  0.20850000000013813        29.518518300958796     
  0.20900000000013863        29.518546427059313     
  0.20950000000013913        29.518574556508803     
  0.21000000000013963        29.518602689206649     
  0.21050000000014013        29.518630825052490     
  0.21100000000014063        29.518658963946372     
  0.21150000000014113        29.518687105788501     
  0.21200000000014163        29.518715250479602     
  0.21250000000014213        29.518743397920801     
  0.21300000000014263        29.518771548013333     
  0.21350000000014313        29.518799700659034     
  0.21400000000014363        29.518827855759898     
  0.21450000000014413        29.518856013218329     
  0.21500000000014463        29.518884172937096     
  0.21550000000014513        29.518912334819305     
  0.21600000000014563        29.518940498768224     
  0.21650000000014613        29.518968664687815     
  0.21700000000014663        29.518996832482095     
  0.21750000000014713        29.519025002055535     
  0.21800000000014763        29.519053173312777     
  0.21850000000014813        29.519081346159151     
  0.21900000000014863        29.519109520499875     
  0.21950000000014913        29.519137696240787     
  0.22000000000014963        29.519165873288092     
  0.22050000000015013        29.519194051548233     
  0.22100000000015063        29.519222230927813     
  0.22150000000015113        29.519250411334149     
  0.22200000000015163        29.519278592674542     
  0.22250000000015213        29.519306774856819     
  0.22300000000015263        29.519334957789031     
  0.22350000000015313        29.519363141379639     
  0.22400000000015363        29.519391325537441     
  0.22450000000015413        29.519419510171510     
  0.22500000000015463        29.519447695191243     
  0.22550000000015513        29.519475880506395     
  0.22600000000015563        29.519504066027032     
  0.22650000000015613        29.519532251663534     
  0.22700000000015663        29.519560437326692     
  0.22750000000015713        29.519588622927415     
  0.22800000000015763        29.519616808377268     
  0.22850000000015813        29.519644993587889     
  0.22900000000015863        29.519673178471223     
  0.22950000000015913        29.519701362939671     
  0.23000000000015963        29.519729546905982     
  0.23050000000016013        29.519757730283036     
  0.23100000000016063        29.519785912984290     
  0.23150000000016113        29.519814094923365     
  0.23200000000016163        29.519842276014195     
  0.23250000000016213        29.519870456171059     
  0.23300000000016263        29.519898635308746     
  0.23350000000016313        29.519926813342060     
  0.23400000000016363        29.519954990186339     
  0.23450000000016413        29.519983165757104     
  0.23500000000016463        29.520011339970470     
  0.23550000000016513        29.520039512742535     
  0.23600000000016563        29.520067683989947     
  0.23650000000016613        29.520095853629485     
  0.23700000000016663        29.520124021578429     
  0.23750000000016713        29.520152187754391     
  0.23800000000016763        29.520180352075226     
  0.23850000000016813        29.520208514459149     
  0.23900000000016863        29.520236674824631     
  0.23950000000016913        29.520264833090536     
  0.24000000000016963        29.520292989176081     
  0.24050000000017013        29.520321143000707     
  0.24100000000017063        29.520349294484369     
  0.24150000000017113        29.520377443547076     
  0.24200000000017163        29.520405590109394     
  0.24250000000017213        29.520433734092229     
  0.24300000000017263        29.520461875416572     
  0.24350000000017313        29.520490014003983     
  0.24400000000017363        29.520518149776155     
  0.24450000000017413        29.520546282655296     
  0.24500000000017463        29.520574412563914     
  0.24550000000017513        29.520602539424747     
  0.24600000000017563        29.520630663160937     
  0.24650000000017613        29.520658783695968     
  0.24700000000017663        29.520686900953613     
  0.24750000000017713        29.520715014857913     
  0.24800000000017763        29.520743125333400     
  0.24850000000017813        29.520771232304860     
  0.24900000000017863        29.520799335697507     
  0.24950000000017913        29.520827435436590     
  0.25000000000017963        29.520855531448113     
  0.25050000000017736        29.520883623658154     
  0.25100000000017508        29.520911711993225     
  0.25150000000017281        29.520939796380063     
  0.25200000000017053        29.520967876745814     
  0.25250000000016826        29.520995953018161     
  0.25300000000016598        29.521024025124728     
  0.25350000000016371        29.521052092993816     
  0.25400000000016143        29.521080156553879     
  0.25450000000015915        29.521108215733857     
  0.25500000000015688        29.521136270462929     
  0.25550000000015460        29.521164320670675     
  0.25600000000015233        29.521192366287043     
  0.25650000000015005        29.521220407242243     
  0.25700000000014778        29.521248443466877     
  0.25750000000014550        29.521276474891920     
  0.25800000000014323        29.521304501448718     
  0.25850000000014095        29.521332523068839     
  0.25900000000013867        29.521360539684338     
  0.25950000000013640        29.521388551227648     
  0.26000000000013412        29.521416557631454     
  0.26050000000013185        29.521444558828879     
  0.26100000000012957        29.521472554753206     
  0.26150000000012730        29.521500545338430     
  0.26200000000012502        29.521528530518538     
  0.26250000000012275        29.521556510228177     
  0.26300000000012047        29.521584484402165     
  0.26350000000011820        29.521612452975731     
  0.26400000000011592        29.521640415884523     
  0.26450000000011364        29.521668373064493     
  0.26500000000011137        29.521696324451923     
  0.26550000000010909        29.521724269983615     
  0.26600000000010682        29.521752209596567     
  0.26650000000010454        29.521780143228206     
  0.26700000000010227        29.521808070816327     
  0.26750000000009999        29.521835992299160     
  0.26800000000009772        29.521863907615245     
  0.26850000000009544        29.521891816703473     
  0.26900000000009316        29.521919719503096     
  0.26950000000009089        29.521947615953895     
  0.27000000000008861        29.521975505995851     
  0.27050000000008634        29.522003389569416     
  0.27100000000008406        29.522031266615382     
  0.27150000000008179        29.522059137074930     
  0.27200000000007951        29.522087000889549     
  0.27250000000007724        29.522114858001281     
  0.27300000000007496        29.522142708352376     
  0.27350000000007268        29.522170551885530     
  0.27400000000007041        29.522198388543924     
  0.27450000000006813        29.522226218270930     
  0.27500000000006586        29.522254041010470     
  0.27550000000006358        29.522281856706719     
  0.27600000000006131        29.522309665304235     
  0.27650000000005903        29.522337466748247     
  0.27700000000005676        29.522365260983960     
  0.27750000000005448        29.522393047957323     
  0.27800000000005221        29.522420827614457     
  0.27850000000004993        29.522448599901878     
  0.27900000000004765        29.522476364766522     
  0.27950000000004538        29.522504122155816     
  0.28000000000004310        29.522531872017481     
  0.28050000000004083        29.522559614299677     
  0.28100000000003855        29.522587348950889     
  0.28150000000003628        29.522615075920083     
  0.28200000000003400        29.522642795156514     
  0.28250000000003173        29.522670506609941     
  0.28300000000002945        29.522698210230452     
  0.28350000000002717        29.522725905968578     
  0.28400000000002490        29.522753593775189     
  0.28450000000002262        29.522781273601609     
  0.28500000000002035        29.522808945399436     
  0.28550000000001807        29.522836609120816     
  0.28600000000001580        29.522864264718265     
  0.28650000000001352        29.522891912144615     
  0.28700000000001125        29.522919551353105     
  0.28750000000000897        29.522947182297596     
  0.28800000000000670        29.522974804931881     
  0.28850000000000442        29.523002419210652     
  0.28900000000000214        29.523030025088691     
  0.28949999999999987        29.523057622521208     
  0.28999999999999759        29.523085211464000     
  0.29049999999999532        29.523112791872993     
  0.29099999999999304        29.523140363704691     
  0.29149999999999077        29.523167926915928     
  0.29199999999998849        29.523195481463926     
  0.29249999999998622        29.523223027306397     
  0.29299999999998394        29.523250564401373     
  0.29349999999998166        29.523278092707191     
  0.29399999999997939        29.523305612182757     
  0.29449999999997711        29.523333122787299     
  0.29499999999997484        29.523360624480365     
  0.29549999999997256        29.523388117222030     
  0.29599999999997029        29.523415600972669     
  0.29649999999996801        29.523443075693070     
  0.29699999999996574        29.523470541344405     
  0.29749999999996346        29.523497997888342     
  0.29799999999996118        29.523525445286673     
  0.29849999999995891        29.523552883501871     
  0.29899999999995663        29.523580312496716     
  0.29949999999995436        29.523607732234243     
  0.29999999999995208        29.523635142678060     
  0.30049999999994981        29.523662543791918     
  0.30099999999994753        29.523689935540190     
  0.30149999999994526        29.523717317887563     
  0.30199999999994298        29.523744690799063     
  0.30249999999994071        29.523772054240077     
  0.30299999999993843        29.523799408176473     
  0.30349999999993615        29.523826752574394     
  0.30399999999993388        29.523854087400437     
  0.30449999999993160        29.523881412621471     
  0.30499999999992933        29.523908728204844     
  0.30549999999992705        29.523936034118275     
  0.30599999999992478        29.523963330329696     
  0.30649999999992250        29.523990616807620     
  0.30699999999992023        29.524017893520863     
  0.30749999999991795        29.524045160438522     
  0.30799999999991567        29.524072417530039     
  0.30849999999991340        29.524099664765451     
  0.30899999999991112        29.524126902114919     
  0.30949999999990885        29.524154129548975     
  0.30999999999990657        29.524181347038670     
  0.31049999999990430        29.524208554555230     
  0.31099999999990202        29.524235752070428     
  0.31149999999989975        29.524262939556206     
  0.31199999999989747        29.524290116984815     
  0.31249999999989519        29.524317284329047     
  0.31299999999989292        29.524344441561954     
  0.31349999999989064        29.524371588656898     
  0.31399999999988837        29.524398725587595     
  0.31449999999988609        29.524425852328115     
  0.31499999999988382        29.524452968852888     
  0.31549999999988154        29.524480075136587     
  0.31599999999987927        29.524507171154340     
  0.31649999999987699        29.524534256881399     
  0.31699999999987472        29.524561332293587     
  0.31749999999987244        29.524588397366877     
  0.31799999999987016        29.524615452077690     
  0.31849999999986789        29.524642496402624     
  0.31899999999986561        29.524669530318583     
  0.31949999999986334        29.524696553802972     
  0.31999999999986106        29.524723566833341     
  0.32049999999985879        29.524750569387542     
  0.32099999999985651        29.524777561443873     
  0.32149999999985424        29.524804542980792     
  0.32199999999985196        29.524831513977102     
  0.32249999999984968        29.524858474411872     
  0.32299999999984741        29.524885424264529     
  0.32349999999984513        29.524912363514645     
  0.32399999999984286        29.524939292142300     
  0.32449999999984058        29.524966210127690     
  0.32499999999983831        29.524993117451224     
  0.32549999999983603        29.525020014093755     
  0.32599999999983376        29.525046900036386     
  0.32649999999983148        29.525073775260420     
  0.32699999999982921        29.525100639747368     
  0.32749999999982693        29.525127493479268     
  0.32799999999982465        29.525154336438071     
  0.32849999999982238        29.525181168606121     
  0.32899999999982010        29.525207989966145     
  0.32949999999981783        29.525234800500957     
  0.32999999999981555        29.525261600193662     
  0.33049999999981328        29.525288389027651     
  0.33099999999981100        29.525315166986445     
  0.33149999999980873        29.525341934053920     
  0.33199999999980645        29.525368690214052     
  0.33249999999980417        29.525395435451127     
  0.33299999999980190        29.525422169749724     
  0.33349999999979962        29.525448893094548     
  0.33399999999979735        29.525475605470440     
  0.33449999999979507        29.525502306862670     
  0.33499999999979280        29.525528997256504     
  0.33549999999979052        29.525555676637559     
  0.33599999999978825        29.525582344991605     
  0.33649999999978597        29.525609002304478     
  0.33699999999978369        29.525635648562499     
  0.33749999999978142        29.525662283751952     
  0.33799999999977914        29.525688907859283     
  0.33849999999977687        29.525715520871362     
  0.33899999999977459        29.525742122774879     
  0.33949999999977232        29.525768713557021     
  0.33999999999977004        29.525795293204990     
  0.34049999999976777        29.525821861706198     
  0.34099999999976549        29.525848419048160     
  0.34149999999976322        29.525874965218570     
  0.34199999999976094        29.525901500205286     
  0.34249999999975866        29.525928023996396     
  0.34299999999975639        29.525954536580048     
  0.34349999999975411        29.525981037944529     
  0.34399999999975184        29.526007528078310     
  0.34449999999974956        29.526034006969891     
  0.34499999999974729        29.526060474608069     
  0.34549999999974501        29.526086930981716     
  0.34599999999974274        29.526113376079689     
  0.34649999999974046        29.526139809891077     
  0.34699999999973818        29.526166232405107     
  0.34749999999973591        29.526192643611022     
  0.34799999999973363        29.526219043498283     
  0.34849999999973136        29.526245432056388     
  0.34899999999972908        29.526271809274935     
  0.34949999999972681        29.526298175143559     
  0.34999999999972453        29.526324529652022     
  0.35049999999972226        29.526350872790317     
  0.35099999999971998        29.526377204548307     
  0.35149999999971770        29.526403524916010     
  0.35199999999971543        29.526429833883544     
  0.35249999999971315        29.526456131441119     
  0.35299999999971088        29.526482417578894     
  0.35349999999970860        29.526508692287102     
  0.35399999999970633        29.526534955556247     
  0.35449999999970405        29.526561207376492     
  0.35499999999970178        29.526587447738471     
  0.35549999999969950        29.526613676632568     
  0.35599999999969723        29.526639894049374     
  0.35649999999969495        29.526666099979455     
  0.35699999999969267        29.526692294413380     
  0.35749999999969040        29.526718477341632     
  0.35799999999968812        29.526744648754999     
  0.35849999999968585        29.526770808644127     
  0.35899999999968357        29.526796956999554     
  0.35949999999968130        29.526823093812084     
  0.35999999999967902        29.526849219072371     
  0.36049999999967675        29.526875332771088     
  0.36099999999967447        29.526901434898917     
  0.36149999999967219        29.526927525446613     
  0.36199999999966992        29.526953604404671     
  0.36249999999966764        29.526979671763804     
  0.36299999999966537        29.527005727514695     
  0.36349999999966309        29.527031771647877     
  0.36399999999966082        29.527057804153948     
  0.36449999999965854        29.527083825023503     
  0.36499999999965627        29.527109834246993     
  0.36549999999965399        29.527135831814878     
  0.36599999999965172        29.527161817717577     
  0.36649999999964944        29.527187791945536     
  0.36699999999964716        29.527213754488990     
  0.36749999999964489        29.527239705338214     
  0.36799999999964261        29.527265644483506     
  0.36849999999964034        29.527291571914912     
  0.36899999999963806        29.527317487622582     
  0.36949999999963579        29.527343391596457     
  0.36999999999963351        29.527369283826477     
  0.37049999999963124        29.527395164302536     
  0.37099999999962896        29.527421033014239     
  0.37149999999962668        29.527446889951435     
  0.37199999999962441        29.527472735103672     
  0.37249999999962213        29.527498568460306     
  0.37299999999961986        29.527524390010850     
  0.37349999999961758        29.527550199744528     
  0.37399999999961531        29.527575997650469     
  0.37449999999961303        29.527601783717806     
  0.37499999999961076        29.527627557935418     
  0.37549999999960848        29.527653320292121     
  0.37599999999960620        29.527679070776710     
  0.37649999999960393        29.527704809377664     
  0.37699999999960165        29.527730536083471     
  0.37749999999959938        29.527756250882373     
  0.37799999999959710        29.527781953762570     
  0.37849999999959483        29.527807644712016     
  0.37899999999959255        29.527833323718713     
  0.37949999999959028        29.527858990770298     
  0.37999999999958800        29.527884645854407     
  0.38049999999958573        29.527910288958363     
  0.38099999999958345        29.527935920069488     
  0.38149999999958117        29.527961539174814     
  0.38199999999957890        29.527987146261260     
  0.38249999999957662        29.528012741315621     
  0.38299999999957435        29.528038324324328     
  0.38349999999957207        29.528063895273906     
  0.38399999999956980        29.528089454150582     
  0.38449999999956752        29.528115000940307     
  0.38499999999956525        29.528140535628886     
  0.38549999999956297        29.528166058201986     
  0.38599999999956069        29.528191568644992     
  0.38649999999955842        29.528217066943242     
  0.38699999999955614        29.528242553081707     
  0.38749999999955387        29.528268027045222     
  0.38799999999955159        29.528293488818409     
  0.38849999999954932        29.528318938385745     
  0.38899999999954704        29.528344375731244     
  0.38949999999954477        29.528369800838846     
  0.38999999999954249        29.528395213692441     
  0.39049999999954021        29.528420614275507     
  0.39099999999953794        29.528446002571222     
  0.39149999999953566        29.528471378562738     
  0.39199999999953339        29.528496742232836     
  0.39249999999953111        29.528522093563982     
  0.39299999999952884        29.528547432538542     
  0.39349999999952656        29.528572759138687     
  0.39399999999952429        29.528598073346171     
  0.39449999999952201        29.528623375142498     
  0.39499999999951974        29.528648664509088     
  0.39549999999951746        29.528673941426945     
  0.39599999999951518        29.528699205876826     
  0.39649999999951291        29.528724457839335     
  0.39699999999951063        29.528749697294586     
  0.39749999999950836        29.528774924222727     
  0.39799999999950608        29.528800138603373     
  0.39849999999950381        29.528825340415963     
  0.39899999999950153        29.528850529639612     
  0.39949999999949926        29.528875706253334     
  0.39999999999949698        29.528900870235628     
  0.40049999999949470        29.528926021564818     
  0.40099999999949243        29.528951160218874     
  0.40149999999949015        29.528976286175510     
  0.40199999999948788        29.529001399412149     
  0.40249999999948560        29.529026499905896     
  0.40299999999948333        29.529051587633663     
  0.40349999999948105        29.529076662571807     
  0.40399999999947878        29.529101724696627     
  0.40449999999947650        29.529126773983904     
  0.40499999999947423        29.529151810409378     
  0.40549999999947195        29.529176833948238     
  0.40599999999946967        29.529201844575418     
  0.40649999999946740        29.529226842265643     
  0.40699999999946512        29.529251826993086     
  0.40749999999946285        29.529276798731846     
  0.40799999999946057        29.529301757455475     
  0.40849999999945830        29.529326703137372     
  0.40899999999945602        29.529351635750519     
  0.40949999999945375        29.529376555267564     
  0.40999999999945147        29.529401461660882     
  0.41049999999944919        29.529426354902451     
  0.41099999999944692        29.529451234963936     
  0.41149999999944464        29.529476101816602     
  0.41199999999944237        29.529500955431391     
  0.41249999999944009        29.529525795779044     
  0.41299999999943782        29.529550622829646     
  0.41349999999943554        29.529575436553351     
  0.41399999999943327        29.529600236919602     
  0.41449999999943099        29.529625023897587     
  0.41499999999942871        29.529649797456234     
  0.41549999999942644        29.529674557564007     
  0.41599999999942416        29.529699304189094     
  0.41649999999942189        29.529724037299250     
  0.41699999999941961        29.529748756861920     
  0.41749999999941734        29.529773462844094     
  0.41799999999941506        29.529798155212525     
  0.41849999999941279        29.529822833933494     
  0.41899999999941051        29.529847498973012     
  0.41949999999940824        29.529872150296637     
  0.41999999999940596        29.529896787869539     
  0.42049999999940368        29.529921411656595     
  0.42099999999940141        29.529946021622273     
  0.42149999999939913        29.529970617730601     
  0.42199999999939686        29.529995199945390     
  0.42249999999939458        29.530019768229849     
  0.42299999999939231        29.530044322547003     
  0.42349999999939003        29.530068862859288     
  0.42399999999938776        29.530093389129028     
  0.42449999999938548        29.530117901317873     
  0.42499999999938320        29.530142399387383     
  0.42549999999938093        29.530166883298474     
  0.42599999999937865        29.530191353011844     
  0.42649999999937638        29.530215808487643     
  0.42699999999937410        29.530240249685733     
  0.42749999999937183        29.530264676565633     
  0.42799999999936955        29.530289089086345     
  0.42849999999936728        29.530313487206509     
  0.42899999999936500        29.530337870884495     
  0.42949999999936272        29.530362240078187     
  0.42999999999936045        29.530386594744922     
  0.43049999999935817        29.530410934841882     
  0.43099999999935590        29.530435260325696     
  0.43149999999935362        29.530459571152722     
  0.43199999999935135        29.530483867278846     
  0.43249999999934907        29.530508148659493     
  0.43299999999934680        29.530532415249692     
  0.43349999999934452        29.530556667004195     
  0.43399999999934225        29.530580903877254     
  0.43449999999933997        29.530605125822795     
  0.43499999999933769        29.530629332794231     
  0.43549999999933542        29.530653524744618     
  0.43599999999933314        29.530677701626576     
  0.43649999999933087        29.530701863392409     
  0.43699999999932859        29.530726009993923     
  0.43749999999932632        29.530750141382551     
  0.43799999999932404        29.530774257509414     
  0.43849999999932177        29.530798358325047     
  0.43899999999931949        29.530822443779613     
  0.43949999999931721        29.530846513822969     
  0.43999999999931494        29.530870568404499     
  0.44049999999931266        29.530894607473158     
  0.44099999999931039        29.530918630977609     
  0.44149999999930811        29.530942638865891     
  0.44199999999930584        29.530966631085757     
  0.44249999999930356        29.530990607584634     
  0.44299999999930129        29.531014568309406     
  0.44349999999929901        29.531038513206529     
  0.44399999999929673        29.531062442222158     
  0.44449999999929446        29.531086355301991     
  0.44499999999929218        29.531110252391329     
  0.44549999999928991        29.531134133435092     
  0.44599999999928763        29.531157998377626     
  0.44649999999928536        29.531181847163001     
  0.44699999999928308        29.531205679734860     
  0.44749999999928081        29.531229496036445     
  0.44799999999927853        29.531253296010515     
  0.44849999999927626        29.531277079599580     
  0.44899999999927398        29.531300846745513     
  0.44949999999927170        29.531324597389894     
  0.44999999999926943        29.531348331473886     
  0.45049999999926715        29.531372048938358     
  0.45099999999926488        29.531395749723600     
  0.45149999999926260        29.531419433769454     
  0.45199999999926033        29.531443101015423     
  0.45249999999925805        29.531466751400803     
  0.45299999999925578        29.531490384864121     
  0.45349999999925350        29.531514001343712     
  0.45399999999925122        29.531537600777451     
  0.45449999999924895        29.531561183102820     
  0.45499999999924667        29.531584748256854     
  0.45549999999924440        29.531608296176195     
  0.45599999999924212        29.531631826797010     
  0.45649999999923985        29.531655340055252     
  0.45699999999923757        29.531678835886311     
  0.45749999999923530        29.531702314225239     
  0.45799999999923302        29.531725775006542     
  0.45849999999923075        29.531749218164425     
  0.45899999999922847        29.531772643632802     
  0.45949999999922619        29.531796051344863     
  0.45999999999922392        29.531819441233694     
  0.46049999999922164        29.531842813231897     
  0.46099999999921937        29.531866167271648     
  0.46149999999921709        29.531889503284567     
  0.46199999999921482        29.531912821202162     
  0.46249999999921254        29.531936120955297     
  0.46299999999921027        29.531959402474513     
  0.46349999999920799        29.531982665690045     
  0.46399999999920571        29.532005910531538     
  0.46449999999920344        29.532029136928458     
  0.46499999999920116        29.532052344809497     
  0.46549999999919889        29.532075534103409     
  0.46599999999919661        29.532098704738285     
  0.46649999999919434        29.532121856641840     
  0.46699999999919206        29.532144989741408     
  0.46749999999918979        29.532168103963901     
  0.46799999999918751        29.532191199235914     
  0.46849999999918523        29.532214275483483     
  0.46899999999918296        29.532237332632441     
  0.46949999999918068        29.532260370608086     
  0.46999999999917841        29.532283389335447     
  0.47049999999917613        29.532306388738988     
  0.47099999999917386        29.532329368742918     
  0.47149999999917158        29.532352329270953     
  0.47199999999916931        29.532375270246497     
  0.47249999999916703        29.532398191592538     
  0.47299999999916476        29.532421093231552     
  0.47349999999916248        29.532443975085805     
  0.47399999999916020        29.532466837077155     
  0.47449999999915793        29.532489679126844     
  0.47499999999915565        29.532512501155995     
  0.47549999999915338        29.532535303085215     
  0.47599999999915110        29.532558084834697     
  0.47649999999914883        29.532580846324294     
  0.47699999999914655        29.532603587473517     
  0.47749999999914428        29.532626308201316     
  0.47799999999914200        29.532649008426475     
  0.47849999999913972        29.532671688067225     
  0.47899999999913745        29.532694347041495     
  0.47949999999913517        29.532716985266781     
  0.47999999999913290        29.532739602660214     
  0.48049999999913062        29.532762199138581     
  0.48099999999912835        29.532784774618182     
  0.48149999999912607        29.532807329015107     
  0.48199999999912380        29.532829862244800     
  0.48249999999912152        29.532852374222561     
  0.48299999999911924        29.532874864863253     
  0.48349999999911697        29.532897334081262     
  0.48399999999911469        29.532919781790671     
  0.48449999999911242        29.532942207905077     
  0.48499999999911014        29.532964612337935     
  0.48549999999910787        29.532986995002119     
  0.48599999999910559        29.533009355810115     
  0.48649999999910332        29.533031694674239     
  0.48699999999910104        29.533054011506142     
  0.48749999999909877        29.533076306217311     
  0.48799999999909649        29.533098578718732     
  0.48849999999909421        29.533120828921071     
  0.48899999999909194        29.533143056734723     
  0.48949999999908966        29.533165262069428     
  0.48999999999908739        29.533187444834908     
  0.49049999999908511        29.533209604940133     
  0.49099999999908284        29.533231742294017     
  0.49149999999908056        29.533253856804887     
  0.49199999999907829        29.533275948380844     
  0.49249999999907601        29.533298016929525     
  0.49299999999907373        29.533320062358285     
  0.49349999999907146        29.533342084574034     
  0.49399999999906918        29.533364083483374     
  0.49449999999906691        29.533386058992384     
  0.49499999999906463        29.533408011006859     
  0.49549999999906236        29.533429939432363     
  0.49599999999906008        29.533451844173943     
  0.49649999999905781        29.533473725136382     
  0.49699999999905553        29.533495582223878     
  0.49749999999905326        29.533517415340445     
  0.49799999999905098        29.533539224389735     
  0.49849999999904870        29.533561009274951     
  0.49899999999904643        29.533582769899063     
  0.49949999999904415        29.533604506164487     
  0.49999999999904188        29.533626217973385     
  0.50049999999904515        29.533647905227536     
  0.50099999999904843        29.533669567828383     
  0.50149999999905170        29.533691205676885     
  0.50199999999905498        29.533712818673894     
  0.50249999999905826        29.533734406719660     
  0.50299999999906153        29.533755969714200     
  0.50349999999906481        29.533777507557112     
  0.50399999999906808        29.533799020147534     
  0.50449999999907136        29.533820507384469     
  0.50499999999907463        29.533841969166438     
  0.50549999999907791        29.533863405391614     
  0.50599999999908118        29.533884815957727     
  0.50649999999908446        29.533906200762313     
  0.50699999999908774        29.533927559702356     
  0.50749999999909101        29.533948892674658     
  0.50799999999909429        29.533970199575716     
  0.50849999999909756        29.533991480301339     
  0.50899999999910084        29.534012734747336     
  0.50949999999910411        29.534033962808966     
  0.50999999999910739        29.534055164381275     
  0.51049999999911067        29.534076339358734     
  0.51099999999911394        29.534097487635727     
  0.51149999999911722        29.534118609106098     
  0.51199999999912049        29.534139703663325     
  0.51249999999912377        29.534160771200625     
  0.51299999999912704        29.534181811610932     
  0.51349999999913032        29.534202824786707     
  0.51399999999913359        29.534223810620013     
  0.51449999999913687        29.534244769002683     
  0.51499999999914015        29.534265699826168     
  0.51549999999914342        29.534286602981545     
  0.51599999999914670        29.534307478359565     
  0.51649999999914997        29.534328325850673     
  0.51699999999915325        29.534349145344958     
  0.51749999999915652        29.534369936731991     
  0.51799999999915980        29.534390699901245     
  0.51849999999916307        29.534411434741731     
  0.51899999999916635        29.534432141142066     
  0.51949999999916963        29.534452818990566     
  0.51999999999917290        29.534473468175332     
  0.52049999999917618        29.534494088583909     
  0.52099999999917945        29.534514680103641     
  0.52149999999918273        29.534535242621473     
  0.52199999999918600        29.534555776023989     
  0.52249999999918928        29.534576280197562     
  0.52299999999919256        29.534596755028140     
  0.52349999999919583        29.534617200401279     
  0.52399999999919911        29.534637616202293     
  0.52449999999920238        29.534658002316014     
  0.52499999999920566        29.534678358627161     
  0.52549999999920893        29.534698685019904     
  0.52599999999921221        29.534718981378237     
  0.52649999999921548        29.534739247585843     
  0.52699999999921876        29.534759483525821     
  0.52749999999922204        29.534779689081219     
  0.52799999999922531        29.534799864134623     
  0.52849999999922859        29.534820008568325     
  0.52899999999923186        29.534840122264168     
  0.52949999999923514        29.534860205103833     
  0.52999999999923841        29.534880256968666     
  0.53049999999924169        29.534900277739627     
  0.53099999999924496        29.534920267297366     
  0.53149999999924824        29.534940225522128     
  0.53199999999925152        29.534960152293895     
  0.53249999999925479        29.534980047492422     
  0.53299999999925807        29.534999910996984     
  0.53349999999926134        29.535019742686657     
  0.53399999999926462        29.535039542440153     
  0.53449999999926789        29.535059310135814     
  0.53499999999927117        29.535079045651802     
  0.53549999999927445        29.535098748865806     
  0.53599999999927772        29.535118419655294     
  0.53649999999928100        29.535138057897413     
  0.53699999999928427        29.535157663468915     
  0.53749999999928755        29.535177236246419     
  0.53799999999929082        29.535196776106023     
  0.53849999999929410        29.535216282923624     
  0.53899999999929737        29.535235756574853     
  0.53949999999930065        29.535255196934923     
  0.53999999999930393        29.535274603878893     
  0.54049999999930720        29.535293977281285     
  0.54099999999931048        29.535313317016527     
  0.54149999999931375        29.535332622958709     
  0.54199999999931703        29.535351894981552     
  0.54249999999932030        29.535371132958584     
  0.54299999999932358        29.535390336762809     
  0.54349999999932685        29.535409506267193     
  0.54399999999933013        29.535428641344215     
  0.54449999999933341        29.535447741866214     
  0.54499999999933668        29.535466807705181     
  0.54549999999933996        29.535485838732814     
  0.54599999999934323        29.535504834820451     
  0.54649999999934651        29.535523795839215     
  0.54699999999934978        29.535542721659890     
  0.54749999999935306        29.535561612153018     
  0.54799999999935634        29.535580467188950     
  0.54849999999935961        29.535599286637474     
  0.54899999999936289        29.535618070368407     
  0.54949999999936616        29.535636818251263     
  0.54999999999936944        29.535655530154898     
  0.55049999999937271        29.535674205948325     
  0.55099999999937599        29.535692845500087     
  0.55149999999937926        29.535711448678580     
  0.55199999999938254        29.535730015351675     
  0.55249999999938582        29.535748545387293     
  0.55299999999938909        29.535767038652839     
  0.55349999999939237        29.535785495015496     
  0.55399999999939564        29.535803914342299     
  0.55449999999939892        29.535822296499905     
  0.55499999999940219        29.535840641354753     
  0.55549999999940547        29.535858948773033     
  0.55599999999940874        29.535877218620673     
  0.55649999999941202        29.535895450763295     
  0.55699999999941530        29.535913645066316     
  0.55749999999941857        29.535931801394870     
  0.55799999999942185        29.535949919613962     
  0.55849999999942512        29.535967999588106     
  0.55899999999942840        29.535986041181772     
  0.55949999999943167        29.536004044259137     
  0.55999999999943495        29.536022008684022     
  0.56049999999943823        29.536039934320190     
  0.56099999999944150        29.536057821031019     
  0.56149999999944478        29.536075668679810     
  0.56199999999944805        29.536093477129320     
  0.56249999999945133        29.536111246242474     
  0.56299999999945460        29.536128975881599     
  0.56349999999945788        29.536146665909111     
  0.56399999999946115        29.536164316186913     
  0.56449999999946443        29.536181926576820     
  0.56499999999946771        29.536199496940419     
  0.56549999999947098        29.536217027139127     
  0.56599999999947426        29.536234517034046     
  0.56649999999947753        29.536251966486098     
  0.56699999999948081        29.536269375355968     
  0.56749999999948408        29.536286743504135     
  0.56799999999948736        29.536304070790820     
  0.56849999999949064        29.536321357076119     
  0.56899999999949391        29.536338602219885     
  0.56949999999949719        29.536355806081797     
  0.56999999999950046        29.536372968521249     
  0.57049999999950374        29.536390089397486     
  0.57099999999950701        29.536407168569532     
  0.57149999999951029        29.536424205896306     
  0.57199999999951356        29.536441201236386     
  0.57249999999951684        29.536458154448191     
  0.57299999999952012        29.536475065390004     
  0.57349999999952339        29.536491933919940     
  0.57399999999952667        29.536508759895820     
  0.57449999999952994        29.536525543175312     
  0.57499999999953322        29.536542283615940     
  0.57549999999953649        29.536558981075057     
  0.57599999999953977        29.536575635409854     
  0.57649999999954304        29.536592246477241     
  0.57699999999954632        29.536608814133999     
  0.57749999999954960        29.536625338236778     
  0.57799999999955287        29.536641818641993     
  0.57849999999955615        29.536658255206085     
  0.57899999999955942        29.536674647784992     
  0.57949999999956270        29.536690996234654     
  0.57999999999956597        29.536707300410953     
  0.58049999999956925        29.536723560169531     
  0.58099999999957253        29.536739775365859     
  0.58149999999957580        29.536755945855180     
  0.58199999999957908        29.536772071492763     
  0.58249999999958235        29.536788152133536     
  0.58299999999958563        29.536804187632452     
  0.58349999999958890        29.536820177844206     
  0.58399999999959218        29.536836122623303     
  0.58449999999959545        29.536852021824302     
  0.58499999999959873        29.536867875301414     
  0.58549999999960201        29.536883682908918     
  0.58599999999960528        29.536899444500676     
  0.58649999999960856        29.536915159930672     
  0.58699999999961183        29.536930829052647     
  0.58749999999961511        29.536946451720254     
  0.58799999999961838        29.536962027787006     
  0.58849999999962166        29.536977557106173     
  0.58899999999962493        29.536993039531108     
  0.58949999999962821        29.537008474915037     
  0.58999999999963149        29.537023863110790     
  0.59049999999963476        29.537039203971435     
  0.59099999999963804        29.537054497349743     
  0.59149999999964131        29.537069743098410     
  0.59199999999964459        29.537084941069967     
  0.59249999999964786        29.537100091116937     
  0.59299999999965114        29.537115193091662     
  0.59349999999965442        29.537130246846420     
  0.59399999999965769        29.537145252233515     
  0.59449999999966097        29.537160209104755     
  0.59499999999966424        29.537175117312316     
  0.59549999999966752        29.537189976708024     
  0.59599999999967079        29.537204787143622     
  0.59649999999967407        29.537219548470965     
  0.59699999999967734        29.537234260541567     
  0.59749999999968062        29.537248923206988     
  0.59799999999968390        29.537263536318676     
  0.59849999999968717        29.537278099728031     
  0.59899999999969045        29.537292613286414     
  0.59949999999969372        29.537307076844904     
  0.59999999999969700        29.537321490254786     
  0.60049999999970027        29.537335853367079     
  0.60099999999970355        29.537350166032851     
  0.60149999999970682        29.537364428102968     
  0.60199999999971010        29.537378639428500     
  0.60249999999971338        29.537392799860118     
  0.60299999999971665        29.537406909248677     
  0.60349999999971993        29.537420967444799     
  0.60399999999972320        29.537434974299213     
  0.60449999999972648        29.537448929662567     
  0.60499999999972975        29.537462833385327     
  0.60549999999973303        29.537476685318037     
  0.60599999999973631        29.537490485311235     
  0.60649999999973958        29.537504233215198     
  0.60699999999974286        29.537517928880376     
  0.60749999999974613        29.537531572157203     
  0.60799999999974941        29.537545162895768     
  0.60849999999975268        29.537558700946601     
  0.60899999999975596        29.537572186159775     
  0.60949999999975923        29.537585618385506     
  0.60999999999976251        29.537598997473975     
  0.61049999999976579        29.537612323275390     
  0.61099999999976906        29.537625595639817     
  0.61149999999977234        29.537638814417388     
  0.61199999999977561        29.537651979458172     
  0.61249999999977889        29.537665090612180     
  0.61299999999978216        29.537678147729643     
  0.61349999999978544        29.537691150660418     
  0.61399999999978871        29.537704099254636     
  0.61449999999979199        29.537716993362249     
  0.61499999999979527        29.537729832833293     
  0.61549999999979854        29.537742617517747     
  0.61599999999980182        29.537755347265705     
  0.61649999999980509        29.537768021927207     
  0.61699999999980837        29.537780641352079     
  0.61749999999981164        29.537793205390471     
  0.61799999999981492        29.537805713892315     
  0.61849999999981820        29.537818166707634     
  0.61899999999982147        29.537830563686597     
  0.61949999999982475        29.537842904679071     
  0.61999999999982802        29.537855189535200     
  0.62049999999983130        29.537867418105151     
  0.62099999999983457        29.537879590238891     
  0.62149999999983785        29.537891705786539     
  0.62199999999984112        29.537903764598259     
  0.62249999999984440        29.537915766524222     
  0.62299999999984768        29.537927711414561     
  0.62349999999985095        29.537939599119635     
  0.62399999999985423        29.537951429489581     
  0.62449999999985750        29.537963202374748     
  0.62499999999986078        29.537974917625451     
  0.62549999999986405        29.537986575091942     
  0.62599999999986733        29.537998174624772     
  0.62649999999987060        29.538009716074288     
  0.62699999999987388        29.538021199291062     
  0.62749999999987716        29.538032624125396     
  0.62799999999988043        29.538043990428093     
  0.62849999999988371        29.538055298049805     
  0.62899999999988698        29.538066546841058     
  0.62949999999989026        29.538077736652639     
  0.62999999999989353        29.538088867335279     
  0.63049999999989681        29.538099938739862     
  0.63099999999990009        29.538110950717435     
  0.63149999999990336        29.538121903118913     
  0.63199999999990664        29.538132795795217     
  0.63249999999990991        29.538143628597517     
  0.63299999999991319        29.538154401377071     
  0.63349999999991646        29.538165113985052     
  0.63399999999991974        29.538175766272840     
  0.63449999999992301        29.538186358091743     
  0.63499999999992629        29.538196889293253     
  0.63549999999992957        29.538207359728990     
  0.63599999999993284        29.538217769250480     
  0.63649999999993612        29.538228117709590     
  0.63699999999993939        29.538238404958076     
  0.63749999999994267        29.538248630847914     
  0.63799999999994594        29.538258795231023     
  0.63849999999994922        29.538268897959444     
  0.63899999999995249        29.538278938885377     
  0.63949999999995577        29.538288917861173     
  0.63999999999995905        29.538298834739170     
  0.64049999999996232        29.538308689371910     
  0.64099999999996560        29.538318481611839     
  0.64149999999996887        29.538328211311779     
  0.64199999999997215        29.538337878324604     
  0.64249999999997542        29.538347482503095     
  0.64299999999997870        29.538357023700353     
  0.64349999999998198        29.538366501769598     
  0.64399999999998525        29.538375916563929     
  0.64449999999998853        29.538385267936921     
  0.64499999999999180        29.538394555741970     
  0.64549999999999508        29.538403779832759     
  0.64599999999999835        29.538412940063061     
  0.64650000000000163        29.538422036286779     
  0.64700000000000490        29.538431068358051     
  0.64750000000000818        29.538440036130957     
  0.64800000000001146        29.538448939459816     
  0.64850000000001473        29.538457778199142     
  0.64900000000001801        29.538466552203428     
  0.64950000000002128        29.538475261327566     
  0.65000000000002456        29.538483905426283     
  0.65050000000002783        29.538492484354745     
  0.65100000000003111        29.538500997968278     
  0.65150000000003438        29.538509446121964     
  0.65200000000003766        29.538517828671463     
  0.65250000000004094        29.538526145472453     
  0.65300000000004421        29.538534396380800     
  0.65350000000004749        29.538542581252500     
  0.65400000000005076        29.538550699943681     
  0.65450000000005404        29.538558752310696     
  0.65500000000005731        29.538566738210179     
  0.65550000000006059        29.538574657498835     
  0.65600000000006387        29.538582510033461     
  0.65650000000006714        29.538590295671252     
  0.65700000000007042        29.538598014269425     
  0.65750000000007369        29.538605665685346     
  0.65800000000007697        29.538613249776692     
  0.65850000000008024        29.538620766401340     
  0.65900000000008352        29.538628215417340     
  0.65950000000008679        29.538635596682880     
  0.66000000000009007        29.538642910056463     
  0.66050000000009335        29.538650155396763     
  0.66100000000009662        29.538657332562426     
  0.66150000000009990        29.538664441412770     
  0.66200000000010317        29.538671481806993     
  0.66250000000010645        29.538678453604604     
  0.66300000000010972        29.538685356665280     
  0.66350000000011300        29.538692190849002     
  0.66400000000011627        29.538698956016059     
  0.66450000000011955        29.538705652026820     
  0.66500000000012283        29.538712278741844     
  0.66550000000012610        29.538718836022081     
  0.66600000000012938        29.538725323728606     
  0.66650000000013265        29.538731741722891     
  0.66700000000013593        29.538738089866531     
  0.66750000000013920        29.538744368021348     
  0.66800000000014248        29.538750576049470     
  0.66850000000014576        29.538756713813303     
  0.66900000000014903        29.538762781175446     
  0.66950000000015231        29.538768777998929     
  0.67000000000015558        29.538774704146821     
  0.67050000000015886        29.538780559482642     
  0.67100000000016213        29.538786343869987     
  0.67150000000016541        29.538792057172962     
  0.67200000000016868        29.538797699255753     
  0.67250000000017196        29.538803269983063     
  0.67300000000017524        29.538808769219646     
  0.67350000000017851        29.538814196830625     
  0.67400000000018179        29.538819552681463     
  0.67450000000018506        29.538824836638000     
  0.67500000000018834        29.538830048566211     
  0.67550000000019161        29.538835188332452     
  0.67600000000019489        29.538840255803333     
  0.67650000000019817        29.538845250845888     
  0.67700000000020144        29.538850173327436     
  0.67750000000020472        29.538855023115467     
  0.67800000000020799        29.538859800078043     
  0.67850000000021127        29.538864504083371     
  0.67900000000021454        29.538869135000134     
  0.67950000000021782        29.538873692697237     
  0.68000000000022109        29.538878177043802     
  0.68050000000022437        29.538882587909626     
  0.68100000000022765        29.538886925164615     
  0.68150000000023092        29.538891188679194     
  0.68200000000023420        29.538895378323843     
  0.68250000000023747        29.538899493969847     
  0.68300000000024075        29.538903535488370     
  0.68350000000024402        29.538907502751279     
  0.68400000000024730        29.538911395630677     
  0.68450000000025057        29.538915213999278     
  0.68500000000025385        29.538918957729837     
  0.68550000000025713        29.538922626695591     
  0.68600000000026040        29.538926220770215     
  0.68650000000026368        29.538929739827871     
  0.68700000000026695        29.538933183742994     
  0.68750000000027023        29.538936552390400     
  0.68800000000027350        29.538939845645469     
  0.68850000000027678        29.538943063383709     
  0.68900000000028006        29.538946205481274     
  0.68950000000028333        29.538949271814751     
  0.69000000000028661        29.538952262260878     
  0.69050000000028988        29.538955176697158     
  0.69100000000029316        29.538958015001388     
  0.69150000000029643        29.538960777051738     
  0.69200000000029971        29.538963462726890     
  0.69250000000030298        29.538966071905882     
  0.69300000000030626        29.538968604468288     
  0.69350000000030954        29.538971060294188     
  0.69400000000031281        29.538973439263948     
  0.69450000000031609        29.538975741258458     
  0.69500000000031936        29.538977966159138     
  0.69550000000032264        29.538980113847821     
  0.69600000000032591        29.538982184206777     
  0.69650000000032919        29.538984177118977     
  0.69700000000033246        29.538986092467471     
  0.69750000000033574        29.538987930136148     
  0.69800000000033902        29.538989690009245     
  0.69850000000034229        29.538991371971370     
  0.69900000000034557        29.538992975907941     
  0.69950000000034884        29.538994501704636     
  0.70000000000035212        29.538995949247699     
  0.70050000000035539        29.538997318423910     
  0.70100000000035867        29.538998609120565     
  0.70150000000036195        29.538999821225442     
  0.70200000000036522        29.539000954626868     
  0.70055500000035420        29.538997532367894     
  0.70117043950035607        29.538999106308548     
  0.70185289969035825        29.539000712421497     
  0.70260967830420851        29.539002321838211     
  0.70344886762685588        29.539003895033343     
  0.70437944099300553        29.539005378869632     
  0.70541134870143707        29.539006702921558     
  0.70655562436971153        29.539007774871145     
  0.70782450286572174        29.539008474760781     
  0.70923155107598002        29.539008647811865     
  0.71079181290782112        29.539008095467068     
  0.71252197007465323        29.539006564207938     
  0.71444052038201677        29.539003731616802     
  0.71656797541909589        29.538999189003761     
  0.71892707976771497        29.538992419763606     
  0.72154305407045927        29.538982772426518     
  0.72444386455462872        29.538969427125771     
  0.72766052189106589        29.538951353909283     
  0.73122741258041524        29.538927260970205     
  0.73518266640654517        29.538895530458163     
  0.73956856388219683        29.538854139053978     
  0.74443198803897881        29.538800559967164     
  0.74982492538728673        29.538731642449150     
  0.75580502139695205        29.538643464371788     
  0.76243619643155802        29.538531152964200     
  0.76978932871488281        29.538388668560454     
  0.77794301162372592        29.538208546327436     
  0.78698439339506887        29.537981591650109     
  0.79701010821545681        29.537696526295864     
  0.80812730863625482        29.537339584666764     
  0.82045481034022738        29.536894061875746     
  0.83412436148458280        29.536339816633554     
  0.84928205017558378        29.535652729488216     
  0.86608986510464292        29.534804108641001     
  0.88472742601097787        29.533760024503263     
  0.90539390244894280        29.532480554381980     
  0.92831014134853129        29.530918944615458     
  0.95372102608640519        29.529020732213095     
  0.98189809225629976        29.526722896551767     
   1.0131424280679242        29.523953259781969     
   1.0477878903418032        29.520630459899735     
   1.0862046704363277        29.516663495046071     
   1.1288032481785200        29.511946815465990     
   1.1760387760117126        29.506346690682012     
   1.2284159401652504        29.499687572142673     
   1.2864943507428359        29.491766164123522     
   1.3508945182714895        29.482393574917037     
   1.4223044805124636        29.471427347297958     
   1.5014871502753748        29.458740334343670     
   1.5892884626719292        29.444142427893969     
   1.6866464087773989        29.427342116134710     
   1.7946010521277374        29.408382204365839     
   1.9143056349689398        29.388371834929252     
   2.0470388928044767        29.369663270433342     
   2.1942187086807139        29.352747897932009     
   2.3574172529467750        29.337402962666633     
   2.5383777700763557        29.328469542125248     
   2.7390331917137924        29.327112956644822     
   2.9615267745935370        29.332106210848721     
   3.2079963738297645        29.344026079862939     
   3.4809466724106275        29.356162494180683     
   3.7569662366526351        29.365842635959876     
   3.9873342721976370        29.382554614740862     
   4.2147301696270114        29.402156660859003     
   4.4439325585871492        29.421325908907885     
   4.6389714477045976        29.435148062603034     
   4.8478683716377171        29.446899780705429     
   5.0794967790427039        29.462967133154251     
   5.3314745748687873        29.481954474958766     
   5.5699579896631359        29.504806601800553     
   5.7998606668441806        29.533914152499801     
   6.0512013373697853        29.575909241479138     
   6.2928081446712829        29.614918148796662     
   6.5391679037568737        29.645443192142896     
   6.7729911485109371        29.672418387361837     
   7.0208066640858933        29.698236054495410     
   7.2870580567672816        29.706812125183060     
   7.5597869197833623        29.692273973579532     
   7.8286255838967405        29.668209241326267     
   8.0523877703857192        29.644467330189229     
   8.2401248435987871        29.621537855344673     
   8.4172413075837031        29.602093513486540     
   8.6136298858001865        29.584305235747589     
   8.8313873341649831        29.567313961289486     
   9.0625431783890438        29.545887236313920     
   9.3017368545232646        29.517799351594789     
   9.5619503039359746        29.485786143536018     
   9.8348674395432614        29.453497746200490     
   10.102128271223163        29.428734005473512     
   10.374003684582361        29.415775839931833     
   10.644440022172857        29.410253783138398     
   10.933032542747110        29.402040447769636     
   11.186841226779793        29.392696063991586     
   11.417212537390602        29.380983938472461     
   11.672643717869951        29.362758491010673     
   11.956172328202113        29.344927386169598     
   12.207416537082247        29.331284793299712     
   12.461195573104442        29.318357695910425     
   12.691524931809022        29.311673627295622     
   12.926776727283150        29.304201615329553     
   13.186535721113041        29.285386413582533     
   13.428217791456991        29.255940239057260     
   13.664986181664844        29.219343476088216     
   13.927401608268649        29.178456934654282     
   14.177713816651705        29.145517137420757     
   14.441364184747075        29.118855044179863     
   14.705014552842444        29.097389118211545     
   14.992678841108042        29.063204828534605     
   15.270811535173896        29.020457032441151     
   15.546151323701769        28.976170970954968     
   15.845701131329673        28.932616131017625     
   16.150209617568514        28.893146620147732     
   16.446590052246535        28.858961101402819     
   16.764895093592674        28.835773930897073     
   17.045265895377106        28.831304315703530     
   17.332231052218397        28.832007236805854     
   17.582027413887413        28.829663436430007     
   17.806752951509619        28.820318673847851     
   18.031478489131825        28.808264070615618     
   18.256204026754030        28.795939711653727     
   18.483077385831006        28.781685944938783     
   18.733855200223982        28.761033610493001     
   19.011915045541098        28.730371426541993     
   19.318203056161391        28.693543378399042     
   19.616213610543412        28.653125083635008     
   19.869265084741272        28.613135094215099     
   20.139729019355581        28.563556193921375     
   20.433327655570157        28.505603324528817     
   20.724641717060695        28.444540430446285     
   21.008202102650859        28.386783446587703     
   21.247468988542629        28.343072269418673     
   21.476207800991077        28.305889702924809     
   21.729560807885751        28.266992642558826     
   22.010489122413862        28.221167529165506     
   22.306680639440973        28.164682115314797     
   22.602872156468084        28.102975891467850     
   22.899063673495196        28.041386298843115     
   23.213715451353952        27.976986953037493     
   23.529450863158022        27.919018473700831     
   23.821810112215150        27.867171336116407     
   24.114169361272278        27.813744595270453     
   24.418841007626508        27.763592493479692     
   24.736735063923170        27.718499311316226     
   25.059664602824469        27.674036329290740     
   25.383164833073721        27.630858239162055     
   25.651051105667815        27.600448659740994     
   25.927712611444928        27.567310157991042     
   26.179401459580706        27.527162893201233     
   26.451388905229226        27.473724547650328     
   26.745529654128223        27.413293810920141     
   27.044986204793187        27.354952880991583     
   27.376123594855439        27.296804702850888     
   27.737328884722867        27.244860403293092     
   28.098534174590295        27.192759739259131     
   28.459739464457723        27.134022507423204     
   28.820944754325151        27.073458691576477     
   29.132390229368319        27.028787563130038     
   29.422794721840582        26.991959933286946     
   29.713199214312844        26.957405079967319     
   30.003603706785107        26.928264245222540     
   30.294008199257370        26.901181204511758     
   30.594830521772991        26.873751333904860     
   30.926974590512231        26.847198297094263     
   31.288791679835406        26.821304532196780     
   31.573261002236144        26.796707574401758     
   31.838974790765125        26.768870853602341     
   32.095872382223384        26.739410060440214     
   32.352769973681866        26.709265335277582     
   32.634249339271001        26.675149115379813     
   32.940462836092152        26.636265241079148     
   33.259024703735534        26.592549645127349     
   33.610027006196404        26.545105959015125     
   33.990842718962895        26.495438121363218     
   34.365885184675207        26.448111110356145     
   34.717386824752325        26.409260734283457     
   35.060310388371349        26.371343583601799     
   35.403233951990373        26.326651254191216     
   35.752695192997614        26.277874635608217     
   36.137498766336797        26.223882552545323     
   36.500976605597096        26.181177395083740     
   36.807099629954934        26.150656602649775     
   37.121588014342102        26.120585149599194     
   37.426309449431763        26.091714620741836     
   37.728530822809510        26.062568855415574     
   38.046969439066942        26.025572942714199     
   38.319917847334729        25.986462379441853     
   38.619614495225271        25.940418519745993     
   38.931402451534559        25.897026203672773     
   39.232523462799143        25.859769597459422     
   39.547588060699631        25.822308275748707     
   39.896926335809447        25.779880531760341     
   40.283437632108097        25.741446699763731     
   40.650203022532558        25.719484836760017     
   41.016968412957020        25.700640869095238     
   41.390779313305693        25.676387947263169     
   41.785234916036281        25.644628909807583     
   42.107044668706777        25.617716585726662     
   42.384946668576475        25.592994990452830     
   42.680774649266951        25.563393251122033     
   43.008792920259964        25.528002323311721     
   43.372503826855358        25.488630834341514     
   43.765417798943496        25.452209948302301     
   44.158331771031634        25.422333466478918     
   44.542020641710579        25.390450549469815     
   44.893919918578874        25.357658285260971     
   45.245819195447169        25.327383512853292     
   45.620831584200786        25.291544775011108     
   45.993260736138268        25.247501246073860     
   46.363900883301042        25.204099585346903     
   46.769171368432879        25.166806151708013     
   47.212742504842062        25.129752591938914     
   47.640706588488683        25.087326830515753     
   48.040309275404695        25.044824768117291     
   48.439911962320707        24.997690361205095     
   48.839514649236719        24.944036189160414     
   49.242044770670638        24.889598245082311     
   49.683467950699615        24.835475004840223     
   50.124891130728592        24.789203537891577     
   50.550035203628234        24.749067103961821     
   50.968530063756738        24.710374179584747     
   51.387024923885242        24.668023502134712     
   51.793292797956028        24.619137479099869     
   52.187946830942636        24.565823616162291     
   52.547108678284182        24.513513411490326     
   52.878453602596323        24.461660473798737     
   53.199832834160446        24.408014660028595     
   53.553991303853202        24.351336556048004     
   53.946694852943061        24.296439468481935     
   54.340178279093770        24.246592971519767     
   54.733661705244479        24.202195539115479     
   55.107322032383799        24.166001568466466     
   55.501018050643417        24.136822039959881     
   55.914376526114587        24.110145978818537     
   56.327735001585758        24.080037377425857     
   56.767955168946912        24.035310695108066     
   57.154522086203215        23.988944323764443     
   57.556416431025632        23.936933385277303     
   58.001186236959633        23.874603063290085     
   58.469877478523735        23.805472857150551     
   58.919026353812065        23.741962239206782     
   59.370884197072321        23.678217808378360     
   59.865182538559431        23.604267265750757     
   60.329810824192961        23.534403365685737     
   60.757961420537988        23.477852991746346     
   61.188657594397995        23.426633376973662     
   61.653290039289317        23.371986820073950     
   62.117922484180639        23.314206349398948     
   62.578094935047048        23.251870724998103     
   63.001551742367909        23.189799145491438     
   63.416910208393631        23.129730138410373     
   63.813360871721017        23.072848685152014     
   64.236130012142311        23.009257881122601     
   64.703831260446393        22.937693737616527     
   65.188835357622438        22.864996533706439     
   65.673839454798483        22.793312501149074     
   66.158843551974527        22.721999358921732     
   66.643847649150572        22.647825793897894     
   67.075681964522943        22.580022677331758     
   67.466208376904518        22.516694847190923     
   67.882006174919951        22.448839968754637     
   68.312645897831459        22.380604855950249     
   68.743285620742967        22.319685209307977     
   69.207516559038822        22.263065564666476     
   69.681221942699494        22.211073993516806     
   70.154927326360166        22.161815054306810     
   70.628632710020838        22.118527983912884     
   71.060504236620957        22.084806759325819     
   71.414115999668468        22.060213885689798     
   71.753174326623423        22.037283514105408     
   72.102567911274221        22.011880713183949     
   72.488805729985089        21.980573613247689     
   72.917072203538282        21.942262354290321     
   73.378736557859838        21.899521946929401     
   73.840400912181394        21.857754627533051     
   74.302065266502950        21.816777671941779     
   74.763729620824506        21.776418786148131     
   75.225393975146062        21.737374651647205     
   75.687058329467618        21.699963506172061     
   76.148722683789174        21.658312806333161     
   76.610387038110730        21.611891454542373     
   77.072051392432286        21.564038494931435     
   77.533715746753842        21.516433733437594     
   77.994406786041907        21.470678530788117     
   78.408196707218906        21.431202372930468     
   78.771719849586106        21.397387536519886     
   79.114295593303183        21.365154549734925     
   79.449456205885014        21.331391898995438     
   79.784616818466844        21.296081296857484     
   80.132831525969323        21.259760103104231     
   80.510019350053085        21.221750900879279     
   80.917904494664072        21.182688369998644     
   81.360904871886419        21.143771017747003     
   81.811097525667719        21.108629164155055     
   82.281550153573008        21.071182912004900     
   82.778859026247304        21.023942622708784     
   83.276167898921599        20.969278371229283     
   83.773476771595895        20.911804359268487     
   84.270785644270191        20.853968925215110     
   84.768094516944487        20.793980339874103     
   85.265403389618783        20.730068249942384     
   85.762712262293078        20.664056766105656     
   86.260021134967374        20.598828993637113     
   86.757330007641670        20.535971724233871     
   87.254638880315966        20.476511548677827     
   87.751947752990262        20.420258133753123     
   88.249256625664557        20.366350153740733     
   88.746565498338853        20.314299392838677     
   89.243874371013149        20.263702202734507     
   89.741183243687445        20.212467661724446     
   90.238492116361741        20.158248231235508     
   90.735800989036036        20.099690368020479     
   91.233109861710332        20.036183162135792     
